999.20000 	302.42918 	19.35935
0.00000 	302.42915 	19.35935 	-0.00000 	0.00000
100.00000 	302.44142 	15.79037 	-0.00000 	2.75228
200.00000 	303.42050 	16.14870 	-0.00000 	5.49941
300.00000 	303.98062 	16.53684 	0.53615 	9.47119
400.00000 	304.16831 	16.75038 	1.07133 	11.06540
500.00000 	304.17302 	16.82561 	1.60716 	12.25718
600.00000 	304.30900 	16.60945 	2.14179 	13.22381
700.00000 	304.62781 	16.06076 	2.67836 	14.05376
800.00000 	304.99943 	15.28501 	3.21428 	14.77917
900.00000 	305.14475 	14.46772 	3.75069 	15.42104
1000.00000 	305.35153 	13.42058 	4.28603 	15.99570
1100.00000 	305.57884 	12.24380 	4.82111 	16.51902
1200.00000 	305.81641 	10.84847 	5.35714 	16.99067
1300.00000 	306.10597 	9.70893 	5.89348 	17.42154
1400.00000 	306.40609 	8.93795 	6.43012 	17.81157
1500.00000 	306.66417 	8.85362 	6.96617 	18.16644
1600.00000 	306.77460 	8.72048 	7.50121 	18.49178
1700.00000 	306.84144 	8.56022 	8.03659 	18.78698
1800.00000 	306.92789 	8.32093 	8.57059 	19.05265
1900.00000 	307.01277 	8.12679 	9.10716 	19.29248
2000.00000 	307.11769 	7.96515 	9.64395 	19.51305
2100.00000 	307.20996 	7.83249 	10.17867 	19.70393
2200.00000 	307.44073 	7.60554 	10.71483 	19.87466
2300.00000 	307.82104 	7.26904 	11.25157 	20.02549
2400.00000 	308.11538 	6.61738 	11.78548 	20.15228
2500.00000 	308.43173 	5.98401 	12.32172 	20.25770
2600.00000 	308.96468 	5.53574 	12.85877 	20.34842
2700.00000 	309.50931 	5.32774 	13.39400 	20.41370
2800.00000 	310.06689 	5.34608 	13.93227 	20.46228
2900.00000 	310.62394 	5.38342 	14.46656 	20.49247
3000.00000 	311.17199 	5.42977 	14.99974 	20.50205
3100.00000 	311.31022 	5.41658 	15.49986 	20.50192
3200.00000 	311.42372 	5.36768 	15.99965 	20.50073
3300.00000 	311.45627 	5.21021 	16.50231 	20.50274
3400.00000 	311.55459 	4.98646 	17.00144 	20.50016
3500.00000 	311.71523 	4.69241 	17.49994 	20.50429
3600.00000 	312.08967 	4.26047 	17.99834 	20.50151
3700.00000 	312.56466 	3.78802 	18.49978 	20.50286
3800.00000 	313.06418 	3.36572 	19.00088 	20.50472
3900.00000 	313.57455 	2.95313 	19.50167 	20.50025
4000.00000 	314.10419 	2.53076 	20.00202 	20.50398
4100.00000 	314.63279 	2.16312 	20.50192 	20.50192
4200.00000 	315.18977 	1.84451 	21.00133 	20.50149
4300.00000 	315.74958 	1.58848 	21.50023 	20.50304
4400.00000 	316.13546 	1.48519 	22.00220 	20.50303
4500.00000 	316.52222 	1.38685 	22.49982 	20.50200
4600.00000 	316.93351 	1.29553 	23.00040 	20.49981
4700.00000 	317.37400 	1.20887 	23.50034 	20.50066
4800.00000 	317.80080 	1.12730 	24.00321 	20.50068
4900.00000 	318.18816 	1.13342 	24.50147 	20.50095
5000.00000 	318.61671 	1.14094 	25.00257 	20.50082
5100.00000 	319.04706 	1.14769 	25.49890 	20.50164
5200.00000 	319.47442 	1.15446 	26.00156 	20.49798
5300.00000 	319.95178 	1.16045 	26.49982 	20.50356
5400.00000 	320.40331 	1.16599 	27.00029 	20.50176
5500.00000 	320.89845 	1.17095 	27.50343 	20.50043
5600.00000 	321.37820 	1.17588 	28.00151 	20.50152
5700.00000 	321.86042 	1.17181 	28.50220 	20.50354
5800.00000 	322.23453 	1.14376 	29.00128 	20.50367
5900.00000 	322.64042 	1.11666 	29.50291 	20.50505
6000.00000 	323.06024 	1.08928 	30.00282 	20.50493
6100.00000 	323.49442 	1.06355 	30.37626 	20.50448
6200.00000 	323.92379 	1.03827 	30.75496 	20.50325
6300.00000 	324.38782 	1.01385 	31.13107 	20.50378
6400.00000 	324.82243 	0.98720 	31.50455 	20.50623
6500.00000 	325.06965 	0.94911 	31.87897 	20.50524
6600.00000 	325.32919 	0.91158 	32.25071 	20.50642
6700.00000 	325.62252 	0.87645 	32.62768 	20.50701
6800.00000 	325.90821 	0.84242 	33.00554 	20.50420
6900.00000 	326.22018 	0.80891 	33.38068 	20.50382
7000.00000 	326.53349 	0.77739 	33.75307 	20.50606
7100.00000 	326.88359 	0.74652 	34.12628 	20.50514
7200.00000 	327.22669 	0.71733 	34.50470 	20.50368
7300.00000 	327.58528 	0.68923 	34.88033 	20.50511
7400.00000 	327.97289 	0.66157 	35.25674 	20.50344
7500.00000 	328.28482 	0.63120 	35.63032 	20.50490
7600.00000 	328.62376 	0.60214 	36.00464 	20.50338
7700.00000 	328.96407 	0.57433 	36.37609 	20.50524
7800.00000 	329.33241 	0.54773 	36.75273 	20.50675
7900.00000 	329.70301 	0.52229 	37.13008 	20.50536
8000.00000 	330.10278 	0.49844 	37.50452 	20.50761
8100.00000 	330.50579 	0.47516 	37.87963 	20.50708
8200.00000 	330.93921 	0.45070 	38.25539 	20.50376
8300.00000 	331.44500 	0.40603 	38.62820 	20.50440
8400.00000 	331.96712 	0.36542 	39.00619 	20.50477
8500.00000 	332.50611 	0.32853 	39.37665 	20.50692
8600.00000 	333.09049 	0.29513 	39.75585 	20.50195
8700.00000 	333.66542 	0.26505 	40.12848 	20.50827
8800.00000 	334.24391 	0.23820 	40.50527 	20.50507
8900.00000 	334.79609 	0.21462 	40.87904 	20.50641
9000.00000 	335.37947 	0.19339 	41.25337 	20.50528
9100.00000 	335.99730 	0.17396 	41.62823 	20.50168
9200.00000 	336.60398 	0.15644 	42.00466 	20.50519
9300.00000 	337.18472 	0.14438 	42.37698 	20.50409
9400.00000 	337.72443 	0.14032 	42.75445 	20.50285
9500.00000 	338.25013 	0.13634 	43.12884 	20.50676
9600.00000 	338.82635 	0.13237 	43.50372 	20.50841
9700.00000 	339.38879 	0.12863 	43.87909 	20.50779
9800.00000 	339.98983 	0.12518 	44.25492 	20.50491
9900.00000 	340.40818 	0.12965 	44.62764 	20.50755
10000.00000 	340.80897 	0.13425 	45.00081 	20.50805
10100.00000 	341.24752 	0.13908 	45.00081 	20.50805
10200.00000 	341.71899 	0.14396 	45.00081 	20.50805
10300.00000 	342.15853 	0.14914 	45.00081 	20.50805
10400.00000 	342.66844 	0.15460 	45.00081 	20.50805
10500.00000 	343.20531 	0.15624 	45.00081 	20.50805
10600.00000 	343.75970 	0.15184 	45.00081 	20.50805
10700.00000 	344.34825 	0.14758 	45.00081 	20.50805
10800.00000 	344.94206 	0.14345 	45.00081 	20.50805
10900.00000 	345.55661 	0.13945 	45.00081 	20.50805
11000.00000 	346.22673 	0.13370 	45.00081 	20.50805
11100.00000 	346.95207 	0.12528 	45.00081 	20.50805
11200.00000 	347.71410 	0.11723 	45.00081 	20.50805
11300.00000 	348.49858 	0.10966 	45.00081 	20.50805
11400.00000 	349.33877 	0.10040 	45.00081 	20.50805
11500.00000 	350.37089 	0.08831 	45.00081 	20.50805
11600.00000 	351.38304 	0.07744 	45.00081 	20.50805
11700.00000 	352.28079 	0.06748 	45.00081 	20.50805
11800.00000 	352.95395 	0.05833 	45.00081 	20.50805
11900.00000 	353.63345 	0.05033 	45.00081 	20.50805
12000.00000 	354.35123 	0.04335 	45.00081 	20.50805
12100.00000 	355.04300 	0.03720 	45.00081 	20.50805
12200.00000 	355.67546 	0.03148 	45.00081 	20.50805
12300.00000 	356.32946 	0.02658 	45.00081 	20.50805
12400.00000 	357.00581 	0.02239 	45.00081 	20.50805
12500.00000 	357.70532 	0.01881 	45.00081 	20.50805
12600.00000 	358.42889 	0.01577 	45.00081 	20.50805
12700.00000 	359.17090 	0.01389 	45.00081 	20.50805
12800.00000 	360.02737 	0.01392 	45.00081 	20.50805
12900.00000 	360.85151 	0.01391 	45.00081 	20.50805
13000.00000 	361.74068 	0.01394 	45.00081 	20.50805
13100.00000 	362.61358 	0.01396 	45.00081 	20.50805
13200.00000 	363.55528 	0.01398 	45.00081 	20.50805
13300.00000 	364.48066 	0.01401 	45.00081 	20.50805
13400.00000 	365.28767 	0.01424 	45.00081 	20.50805
13500.00000 	366.02307 	0.01369 	45.00081 	20.50805
13600.00000 	366.76525 	0.01315 	45.00081 	20.50805
13700.00000 	367.48307 	0.01263 	45.00081 	20.50805
13800.00000 	368.27371 	0.01214 	45.00081 	20.50805
13900.00000 	369.10756 	0.01167 	45.00081 	20.50805
14000.00000 	369.95164 	0.01122 	45.00081 	20.50805
14100.00000 	370.84119 	0.01078 	43.75045 	20.50352
14200.00000 	371.67116 	0.01035 	42.50036 	20.50888
14300.00000 	372.75066 	0.01012 	41.25337 	20.50528
14400.00000 	373.88902 	0.00996 	40.00268 	20.50566
14500.00000 	374.97956 	0.00979 	38.74871 	20.50773
14600.00000 	376.19128 	0.00965 	37.50001 	20.50514
14700.00000 	377.41567 	0.00950 	36.24981 	20.50916
14800.00000 	378.60878 	0.00935 	34.99770 	20.50840
14900.00000 	379.89549 	0.00921 	33.75307 	20.50606
15000.00000 	381.21595 	0.00908 	32.50047 	20.50627
15100.00000 	382.50420 	0.00894 	31.24925 	20.51131
15200.00000 	383.89455 	0.00881 	29.99924 	20.51016
15300.00000 	385.23397 	0.00868 	28.75180 	20.50846
15400.00000 	386.28278 	0.00849 	27.49986 	20.50523
15500.00000 	387.35767 	0.00832 	26.24886 	20.50785
15600.00000 	388.57167 	0.00817 	24.99899 	20.50519
15700.00000 	389.70335 	0.00799 	23.74787 	20.50585
15800.00000 	390.86409 	0.00784 	22.50005 	20.50939
15900.00000 	392.15417 	0.00768 	21.24862 	20.50523
16000.00000 	393.39701 	0.00754 	19.99844 	20.50748
16100.00000 	394.86883 	0.00741 	19.99844 	20.50748
16200.00000 	396.36187 	0.00728 	19.99844 	20.50748
16300.00000 	397.85495 	0.00716 	19.99844 	20.50748
16400.00000 	399.36915 	0.00704 	19.99844 	20.50748
16500.00000 	400.88227 	0.00692 	19.99844 	20.50748
16600.00000 	402.42783 	0.00680 	19.99844 	20.50748
16700.00000 	403.97154 	0.00668 	19.99844 	20.50748
16800.00000 	405.52429 	0.00657 	19.99844 	20.50748
16900.00000 	407.09792 	0.00645 	19.99844 	20.50748
17000.00000 	408.69279 	0.00634 	19.99844 	20.50748
17100.00000 	410.28336 	0.00623 	19.99844 	20.50748
17200.00000 	411.89464 	0.00613 	19.99844 	20.50748
17300.00000 	413.52688 	0.00602 	19.99844 	20.50748
17400.00000 	415.16655 	0.00592 	19.99844 	20.50748
17500.00000 	416.81294 	0.00581 	19.99844 	20.50748
17600.00000 	418.47980 	0.00571 	19.99844 	20.50748
17700.00000 	420.16733 	0.00561 	19.99844 	20.50748
17800.00000 	421.86056 	0.00551 	19.99844 	20.50748
17900.00000 	423.57414 	0.00543 	19.99844 	20.50748
18000.00000 	425.29231 	0.00533 	19.99844 	20.50748
18100.00000 	427.03037 	0.00524 	19.99844 	20.50748
18200.00000 	428.78840 	0.00514 	19.99844 	20.50748
18300.00000 	430.54942 	0.00505 	19.99844 	20.50748
18400.00000 	432.32972 	0.00496 	19.99844 	20.50748
18500.00000 	434.12932 	0.00487 	19.99844 	20.50748
18600.00000 	435.94818 	0.00479 	19.99844 	20.50748
18700.00000 	437.78628 	0.00471 	19.99844 	20.50748
18800.00000 	439.64354 	0.00463 	19.99844 	20.50748
18900.00000 	441.50014 	0.00454 	19.99844 	20.50748
19000.00000 	443.37469 	0.00446 	19.99844 	20.50748
19100.00000 	445.28770 	0.00438 	19.99844 	20.50748
19200.00000 	447.19802 	0.00430 	19.99844 	20.50748
19300.00000 	449.12558 	0.00423 	19.99844 	20.50748
19400.00000 	451.07004 	0.00416 	19.99844 	20.50748
19500.00000 	453.05389 	0.00408 	19.99844 	20.50748
19600.00000 	455.03156 	0.00401 	19.99844 	20.50748
19700.00000 	457.02488 	0.00394 	19.99844 	20.50748
19800.00000 	459.05793 	0.00387 	19.99844 	20.50748
19900.00000 	461.10674 	0.00380 	19.99844 	20.50748
20000.00000 	463.14480 	0.00373 	19.99844 	20.50748
