966.00000 	296.20449 	14.01907
0.00000 	296.20304 	14.01907 	-0.00000 	0.00000
100.00000 	296.20999 	12.53959 	-0.00000 	2.75228
200.00000 	296.32685 	12.39196 	-0.00000 	5.49941
300.00000 	297.15897 	12.42408 	0.53615 	9.47119
400.00000 	297.58636 	12.34152 	1.07133 	11.06540
500.00000 	297.73838 	12.04940 	1.60716 	12.25718
600.00000 	297.95220 	11.50664 	2.14179 	13.22381
700.00000 	298.79693 	10.51478 	2.67836 	14.05376
800.00000 	299.17940 	9.84412 	3.21428 	14.77917
900.00000 	299.46951 	9.41498 	3.75069 	15.42104
1000.00000 	300.03126 	9.16509 	4.28603 	15.99570
1100.00000 	300.14540 	8.79777 	4.82111 	16.51902
1200.00000 	300.25878 	8.36746 	5.35714 	16.99067
1300.00000 	300.37132 	7.88923 	5.89348 	17.42154
1400.00000 	300.42989 	7.37869 	6.43012 	17.81157
1500.00000 	300.55097 	6.90704 	6.96617 	18.16644
1600.00000 	300.82038 	6.44816 	7.50121 	18.49178
1700.00000 	301.34654 	5.97739 	8.03659 	18.78698
1800.00000 	301.49879 	5.46133 	8.57059 	19.05265
1900.00000 	301.62852 	4.93047 	9.10716 	19.29248
2000.00000 	301.80025 	4.38034 	9.64395 	19.51305
2100.00000 	302.19929 	3.85680 	10.17867 	19.70393
2200.00000 	302.55470 	3.36601 	10.71483 	19.87466
2300.00000 	302.83452 	2.91165 	11.25157 	20.02549
2400.00000 	302.94950 	2.46582 	11.78548 	20.15228
2500.00000 	303.02869 	2.14583 	12.32172 	20.25770
2600.00000 	303.09333 	2.01945 	12.85877 	20.34842
2700.00000 	303.16758 	1.89984 	13.39400 	20.41370
2800.00000 	303.25173 	1.78668 	13.93227 	20.46228
2900.00000 	303.34611 	1.67967 	14.46656 	20.49247
3000.00000 	303.45103 	1.57850 	14.99974 	20.50205
3100.00000 	303.55381 	1.48267 	15.49986 	20.50192
3200.00000 	303.68071 	1.39120 	15.99965 	20.50073
3300.00000 	303.82640 	1.31219 	16.50231 	20.50274
3400.00000 	304.00666 	1.25109 	17.00144 	20.50016
3500.00000 	304.19767 	1.19160 	17.49994 	20.50429
3600.00000 	304.38832 	1.13472 	17.99834 	20.50151
3700.00000 	304.60182 	1.08035 	18.49978 	20.50286
3800.00000 	304.81282 	1.02823 	19.00088 	20.50472
3900.00000 	305.05011 	0.97860 	19.50167 	20.50025
4000.00000 	305.28839 	0.93119 	20.00202 	20.50398
4100.00000 	305.55123 	0.88670 	20.50192 	20.50192
4200.00000 	305.82752 	0.84344 	21.00133 	20.50149
4300.00000 	306.07619 	0.78727 	21.50023 	20.50304
4400.00000 	306.31795 	0.73162 	22.00220 	20.50303
4500.00000 	306.58752 	0.68030 	22.49982 	20.50200
4600.00000 	306.85399 	0.63158 	23.00040 	20.49981
4700.00000 	307.14953 	0.58669 	23.50034 	20.50066
4800.00000 	307.44236 	0.54412 	24.00321 	20.50068
4900.00000 	307.76562 	0.50494 	24.50147 	20.50095
5000.00000 	308.11302 	0.46412 	25.00257 	20.50082
5100.00000 	308.50070 	0.42332 	25.49890 	20.50164
5200.00000 	308.90245 	0.38617 	26.00156 	20.49798
5300.00000 	309.31874 	0.35166 	26.49982 	20.50356
5400.00000 	309.76230 	0.32028 	27.00029 	20.50176
5500.00000 	310.20956 	0.30129 	27.50343 	20.50043
5600.00000 	310.70289 	0.29095 	28.00151 	20.50152
5700.00000 	311.19295 	0.28091 	28.50220 	20.50354
5800.00000 	311.71762 	0.27127 	29.00128 	20.50367
5900.00000 	312.38239 	0.26955 	29.50291 	20.50505
6000.00000 	313.17002 	0.27405 	30.00282 	20.50493
6100.00000 	314.05877 	0.27791 	30.37626 	20.50448
6200.00000 	315.20946 	0.27778 	30.75496 	20.50325
6300.00000 	316.31765 	0.27190 	31.13107 	20.50378
6400.00000 	317.36213 	0.25586 	31.50455 	20.50623
6500.00000 	318.24817 	0.23753 	31.87897 	20.50524
6600.00000 	318.89217 	0.21627 	32.25071 	20.50642
6700.00000 	319.57552 	0.19660 	32.62768 	20.50701
6800.00000 	320.16766 	0.17961 	33.00554 	20.50420
6900.00000 	320.65021 	0.16532 	33.38068 	20.50382
7000.00000 	321.14891 	0.15191 	33.75307 	20.50606
7100.00000 	321.67741 	0.13965 	34.12628 	20.50514
7200.00000 	322.18621 	0.12827 	34.50470 	20.50368
7300.00000 	322.68990 	0.11756 	34.88033 	20.50511
7400.00000 	323.19673 	0.10767 	35.25674 	20.50344
7500.00000 	323.72038 	0.09855 	35.63032 	20.50490
7600.00000 	324.27480 	0.09014 	36.00464 	20.50338
7700.00000 	324.83393 	0.08239 	36.37609 	20.50524
7800.00000 	325.29182 	0.07394 	36.75273 	20.50675
7900.00000 	325.68636 	0.06580 	37.13008 	20.50536
8000.00000 	326.12374 	0.05850 	37.50452 	20.50761
8100.00000 	326.55074 	0.05194 	37.87963 	20.50708
8200.00000 	327.03625 	0.04607 	38.25539 	20.50376
8300.00000 	327.49811 	0.04085 	38.62820 	20.50440
8400.00000 	328.00696 	0.03605 	39.00619 	20.50477
8500.00000 	328.37500 	0.03127 	39.37665 	20.50692
8600.00000 	328.80231 	0.02708 	39.75585 	20.50195
8700.00000 	329.23286 	0.02341 	40.12848 	20.50827
8800.00000 	329.69512 	0.02023 	40.50527 	20.50507
8900.00000 	330.16176 	0.01743 	40.87904 	20.50641
9000.00000 	330.66153 	0.01499 	41.25337 	20.50528
9100.00000 	331.20566 	0.01393 	41.62823 	20.50168
9200.00000 	331.91801 	0.01632 	42.00466 	20.50519
9300.00000 	332.65066 	0.01909 	42.37698 	20.50409
9400.00000 	333.40435 	0.02227 	42.75445 	20.50285
9500.00000 	334.07309 	0.02524 	43.12884 	20.50676
9600.00000 	334.28647 	0.02379 	43.50372 	20.50841
9700.00000 	334.49462 	0.02241 	43.87909 	20.50779
9800.00000 	334.73963 	0.02114 	44.25492 	20.50491
9900.00000 	334.96493 	0.01991 	44.62764 	20.50755
10000.00000 	335.24388 	0.01875 	45.00081 	20.50805
10100.00000 	335.51802 	0.01765 	45.00081 	20.50805
10200.00000 	335.83357 	0.01661 	45.00081 	20.50805
10300.00000 	336.12968 	0.01563 	45.00081 	20.50805
10400.00000 	336.48465 	0.01473 	45.00081 	20.50805
10500.00000 	336.86085 	0.01386 	45.00081 	20.50805
10600.00000 	337.43848 	0.01363 	45.00081 	20.50805
10700.00000 	338.10211 	0.01365 	45.00081 	20.50805
10800.00000 	338.78745 	0.01366 	45.00081 	20.50805
10900.00000 	339.49532 	0.01367 	45.00081 	20.50805
11000.00000 	340.24197 	0.01379 	45.00081 	20.50805
11100.00000 	340.95416 	0.01328 	45.00081 	20.50805
11200.00000 	341.73442 	0.01280 	45.00081 	20.50805
11300.00000 	342.49302 	0.01233 	45.00081 	20.50805
11400.00000 	343.38553 	0.01196 	45.00081 	20.50805
11500.00000 	344.39761 	0.01173 	45.00081 	20.50805
11600.00000 	345.38703 	0.01149 	45.00081 	20.50805
11700.00000 	347.23108 	0.01189 	45.00081 	20.50805
11800.00000 	349.91838 	0.01307 	45.00081 	20.50805
11900.00000 	352.21356 	0.01394 	45.00081 	20.50805
12000.00000 	354.75651 	0.01509 	45.00081 	20.50805
12100.00000 	356.55801 	0.01555 	45.00081 	20.50805
12200.00000 	358.23998 	0.01594 	45.00081 	20.50805
12300.00000 	359.66016 	0.01602 	45.00081 	20.50805
12400.00000 	360.82317 	0.01585 	45.00081 	20.50805
12500.00000 	361.99703 	0.01566 	45.00081 	20.50805
12600.00000 	363.27599 	0.01551 	45.00081 	20.50805
12700.00000 	364.50848 	0.01534 	45.00081 	20.50805
12800.00000 	365.85874 	0.01531 	45.00081 	20.50805
12900.00000 	367.24246 	0.01535 	45.00081 	20.50805
13000.00000 	368.63894 	0.01536 	45.00081 	20.50805
13100.00000 	370.08285 	0.01541 	45.00081 	20.50805
13200.00000 	371.62641 	0.01545 	45.00081 	20.50805
13300.00000 	373.23692 	0.01573 	45.00081 	20.50805
13400.00000 	374.96395 	0.01607 	45.00081 	20.50805
13500.00000 	376.72365 	0.01645 	45.00081 	20.50805
13600.00000 	378.51716 	0.01683 	45.00081 	20.50805
13700.00000 	380.34571 	0.01723 	45.00081 	20.50805
13800.00000 	382.21057 	0.01765 	45.00081 	20.50805
13900.00000 	384.11308 	0.01807 	45.00081 	20.50805
14000.00000 	386.29169 	0.01886 	45.00081 	20.50805
14100.00000 	388.59463 	0.01996 	43.75045 	20.50352
14200.00000 	390.99977 	0.02111 	42.50036 	20.50888
14300.00000 	393.46406 	0.02236 	41.25337 	20.50528
14400.00000 	395.88422 	0.02367 	40.00268 	20.50566
14500.00000 	398.41603 	0.02505 	38.74871 	20.50773
14600.00000 	400.35975 	0.01437 	37.50001 	20.50514
14700.00000 	401.30084 	0.01436 	36.24981 	20.50916
14800.00000 	402.34037 	0.01437 	34.99770 	20.50840
14900.00000 	403.32928 	0.01437 	33.75307 	20.50606
15000.00000 	404.34258 	0.01437 	32.50047 	20.50627
15100.00000 	405.38110 	0.01438 	31.24925 	20.51131
15200.00000 	406.44571 	0.01439 	29.99924 	20.51016
15300.00000 	407.53732 	0.01440 	28.75180 	20.50846
15400.00000 	408.76101 	0.01442 	27.49986 	20.50523
15500.00000 	409.89267 	0.01444 	26.24886 	20.50785
15600.00000 	411.07312 	0.01446 	24.99899 	20.50519
15700.00000 	412.28478 	0.01447 	23.74787 	20.50585
15800.00000 	413.52882 	0.01449 	22.50005 	20.50939
15900.00000 	414.92097 	0.01454 	21.24862 	20.50523
16000.00000 	416.23587 	0.01457 	19.99844 	20.50748
16100.00000 	417.77809 	0.01464 	19.99844 	20.50748
16200.00000 	419.31764 	0.01470 	19.99844 	20.50748
16300.00000 	420.89071 	0.01476 	19.99844 	20.50748
16400.00000 	422.46020 	0.01483 	19.99844 	20.50748
16500.00000 	424.05084 	0.01489 	19.99844 	20.50748
16600.00000 	425.64960 	0.01496 	19.99844 	20.50748
16700.00000 	427.26954 	0.01503 	19.99844 	20.50748
16800.00000 	428.89699 	0.01510 	19.99844 	20.50748
16900.00000 	430.53128 	0.01517 	19.99844 	20.50748
17000.00000 	432.18631 	0.01524 	19.99844 	20.50748
17100.00000 	433.84733 	0.01531 	19.99844 	20.50748
17200.00000 	435.52884 	0.01539 	19.99844 	20.50748
17300.00000 	437.23103 	0.01546 	19.99844 	20.50748
17400.00000 	438.93803 	0.01554 	19.99844 	20.50748
17500.00000 	440.66530 	0.01562 	19.99844 	20.50748
17600.00000 	442.41296 	0.01570 	19.99844 	20.50748
17700.00000 	444.16391 	0.01578 	19.99844 	20.50748
17800.00000 	445.93463 	0.01586 	19.99844 	20.50748
17900.00000 	447.72515 	0.01594 	19.99844 	20.50748
18000.00000 	449.51704 	0.01602 	19.99844 	20.50748
18100.00000 	451.32785 	0.01611 	19.99844 	20.50748
18200.00000 	453.15752 	0.01620 	19.99844 	20.50748
18300.00000 	455.00596 	0.01629 	19.99844 	20.50748
18400.00000 	456.87304 	0.01638 	19.99844 	20.50748
18500.00000 	458.75861 	0.01647 	19.99844 	20.50748
18600.00000 	460.66248 	0.01656 	19.99844 	20.50748
18700.00000 	462.56255 	0.01666 	19.99844 	20.50748
18800.00000 	464.50173 	0.01675 	19.99844 	20.50748
18900.00000 	466.43542 	0.01685 	19.99844 	20.50748
19000.00000 	468.40860 	0.01695 	19.99844 	20.50748
19100.00000 	470.39845 	0.01705 	19.99844 	20.50748
19200.00000 	472.40451 	0.01715 	19.99844 	20.50748
19300.00000 	474.42626 	0.01726 	19.99844 	20.50748
19400.00000 	476.46311 	0.01737 	19.99844 	20.50748
19500.00000 	478.51442 	0.01747 	19.99844 	20.50748
19600.00000 	480.57945 	0.01758 	19.99844 	20.50748
19700.00000 	482.68547 	0.01770 	19.99844 	20.50748
19800.00000 	484.80499 	0.01781 	19.99844 	20.50748
19900.00000 	486.93711 	0.01793 	19.99844 	20.50748
20000.00000 	489.08085 	0.01804 	19.99844 	20.50748
