%TITLE%
 IDEAL	010101/1200

   LEVEL	HGHT	TEMP	DWPT	WDIR	WSPD
------------------------------------------------------------------
%RAW%
 982.10,  0.00,  29.44,  25.56,  206.89,  6.88
 971.20,  100.00,  27.64,  23.37,  213.70,  7.76
 960.30,  200.00,  26.75,  22.62,  217.90,  9.37
 949.50,  300.00,  25.86,  21.87,  222.11,  10.98
 938.90,  400.00,  25.02,  21.00,  226.35,  11.92
 928.30,  500.00,  24.18,  20.13,  230.59,  12.93
 917.70,  600.00,  23.31,  19.60,  231.46,  14.11
 907.30,  700.00,  22.43,  19.23,  230.85,  15.38
 896.90,  800.00,  21.56,  18.85,  231.10,  16.39
 886.70,  900.00,  20.71,  18.44,  233.34,  16.83
 876.50,  1000.00,  19.86,  18.04,  235.58,  17.30
 866.50,  1100.00,  19.09,  17.50,  239.10,  17.09
 856.50,  1200.00,  18.34,  16.93,  242.84,  16.79
 846.50,  1300.00,  17.66,  16.24,  246.53,  16.66
 836.70,  1400.00,  17.11,  15.32,  250.11,  16.72
 826.90,  1500.00,  16.56,  14.40,  253.69,  16.85
 817.40,  1600.00,  16.23,  13.23,  255.61,  17.18
 807.80,  1700.00,  15.96,  11.99,  257.11,  17.55
 798.30,  1800.00,  15.75,  10.71,  258.51,  18.06
 789.10,  1900.00,  15.80,  9.28,  259.42,  19.11
 779.80,  2000.00,  15.85,  7.85,  260.32,  20.16
 770.70,  2100.00,  15.67,  6.05,  260.99,  21.34
 761.70,  2200.00,  15.23,  3.83,  261.39,  22.65
 752.70,  2300.00,  14.78,  1.61,  261.80,  23.95
 743.90,  2400.00,  14.11, -0.43,  261.07,  25.11
 735.10,  2500.00,  13.33, -2.39,  259.85,  26.20
 726.30,  2600.00,  12.56, -4.35,  258.63,  27.33
 717.70,  2700.00,  11.79, -5.52,  257.89,  29.57
 709.20,  2800.00,  11.03, -6.54,  257.24,  32.02
 700.60,  2900.00,  10.27, -7.56,  256.59,  34.46
 692.30,  3000.00,  9.59, -8.22,  256.99,  36.16
 684.10,  3100.00,  8.93, -8.85,  257.48,  37.79
 675.80,  3200.00,  8.26, -9.47,  257.97,  39.42
 667.70,  3300.00,  7.46, -9.94,  258.93,  39.79
 659.60,  3400.00,  6.64, -10.39,  259.94,  40.04
 651.60,  3500.00,  5.83, -10.84,  260.95,  40.32
 643.70,  3600.00,  4.99, -11.35,  261.79,  40.41
 635.80,  3700.00,  4.15, -11.88,  262.58,  40.47
 628.00,  3800.00,  3.30, -12.40,  263.37,  40.53
 620.30,  3900.00,  2.47, -12.94,  264.00,  40.55
 612.70,  4000.00,  1.64, -13.50,  264.55,  40.55
 605.10,  4100.00,  0.81, -14.05,  265.09,  40.55
 597.60,  4200.00, -0.02, -14.62,  265.64,  40.57
 590.20,  4300.00, -0.85, -15.19,  266.20,  40.59
 582.90,  4400.00, -1.68, -15.76,  266.76,  40.59
 575.50,  4500.00, -2.51, -16.33,  267.32,  40.63
 568.30,  4600.00, -3.35, -16.92,  267.88,  40.59
 561.20,  4700.00, -4.18, -17.52,  268.44,  40.57
 554.10,  4800.00, -5.02, -18.11,  269.00,  40.55
 547.00,  4900.00, -5.80, -18.80,  269.82,  40.35
 540.10,  5000.00, -6.53, -19.62,  270.98,  39.93
 533.20,  5100.00, -7.26, -20.43,  272.14,  39.54
 526.30,  5200.00, -7.99, -21.25,  273.29,  39.15
 519.70,  5300.00, -8.66, -22.28,  274.66,  38.88
 513.00,  5400.00, -9.32, -23.36,  276.08,  38.64
 506.40,  5500.00, -9.98, -24.44,  277.50,  38.43
 499.80,  5600.00, -10.64, -25.52,  278.89,  38.25
 493.40,  5700.00, -11.24, -26.83,  279.62,  38.55
 487.00,  5800.00, -11.85, -28.13,  280.35,  38.84
 480.70,  5900.00, -12.45, -29.44,  281.07,  39.13
 474.30,  6000.00, -13.06, -30.70,  281.67,  39.34
 468.30,  6100.00, -13.71, -31.64,  281.25,  38.78
 462.20,  6200.00, -14.36, -32.57,  280.83,  38.22
 456.10,  6300.00, -15.02, -33.51,  280.41,  37.65
 450.00,  6400.00, -15.67, -34.45,  279.99,  37.11
 444.20,  6500.00, -16.35, -35.32,  279.37,  36.47
 438.30,  6600.00, -17.02, -36.20,  278.75,  35.84
 432.50,  6700.00, -17.70, -37.08,  278.13,  35.22
 426.60,  6800.00, -18.38, -37.95,  277.51,  34.62
 421.00,  6900.00, -19.16, -38.75,  277.41,  34.13
 415.40,  7000.00, -19.97, -39.51,  277.51,  33.73
 409.90,  7100.00, -20.78, -40.27,  277.61,  33.30
 404.30,  7200.00, -21.60, -41.04,  277.70,  32.89
 398.80,  7300.00, -22.41, -41.80,  277.80,  32.46
 393.50,  7400.00, -23.21, -42.55,  277.87,  32.03
 388.20,  7500.00, -24.02, -43.31,  277.94,  31.61
 382.90,  7600.00, -24.83, -44.07,  278.01,  31.18
 377.60,  7700.00, -25.63, -44.82,  278.08,  30.73
 372.40,  7800.00, -26.44, -45.56,  278.14,  30.30
 367.30,  7900.00, -27.25, -46.28,  278.20,  29.86
 362.30,  8000.00, -28.06, -47.00,  278.26,  29.39
 357.20,  8100.00, -28.87, -47.72,  278.32,  28.94
 352.10,  8200.00, -29.68, -48.44,  278.38,  28.50
 347.20,  8300.00, -30.48, -49.07,  278.20,  28.03
 342.50,  8400.00, -31.29, -49.64,  277.83,  27.54
 337.70,  8500.00, -32.09, -50.21,  277.46,  27.06
 332.90,  8600.00, -32.89, -50.78,  277.09,  26.59
 328.20,  8700.00, -33.70, -51.35,  276.72,  26.11
 323.50,  8800.00, -34.50, -51.93,  276.30,  25.62
 319.00,  8900.00, -35.31, -52.51,  275.81,  25.15
 314.40,  9000.00, -36.12, -53.10,  275.31,  24.67
 309.90,  9100.00, -36.94, -53.68,  274.82,  24.20
 305.40,  9200.00, -37.75, -54.27,  274.32,  23.71
 300.90,  9300.00, -38.56, -54.85,  273.83,  23.25
 296.60,  9400.00, -39.26, -55.39,  273.16,  23.48
 292.40,  9500.00, -39.93, -55.91,  272.43,  23.89
 288.20,  9600.00, -40.60, -56.43,  271.71,  24.32
 283.90,  9700.00, -41.27, -56.95,  270.99,  24.73
 279.70,  9800.00, -41.94, -57.48,  270.27,  25.15
 275.50,  9900.00, -42.61, -58.00,  269.55,  25.58
 271.50,  10000.00, -43.22, -58.42,  269.39,  26.71
 267.60,  10100.00, -43.81, -58.82,  269.29,  27.93
 263.70,  10200.00, -44.41, -59.22,  269.20,  29.16
 259.80,  10300.00, -45.00, -59.63,  269.10,  30.36
 255.80,  10400.00, -45.60, -60.03,  269.01,  31.59
 251.90,  10500.00, -46.19, -60.43,  268.92,  32.79
 248.20,  10600.00, -46.72, -60.86,  269.20,  32.99
 244.60,  10700.00, -47.18, -61.30,  269.83,  32.19
 241.00,  10800.00, -47.64, -61.74,  270.47,  31.39
 237.40,  10900.00, -48.10, -62.19,  271.11,  30.60
 233.80,  11000.00, -48.57, -62.63,  271.74,  29.80
 230.20,  11100.00, -49.03, -63.08,  272.38,  29.02
 226.60,  11200.00, -49.49, -63.52,  273.02,  28.24
 223.10,  11300.00, -49.75, -63.91,  272.72,  28.54
 219.90,  11400.00, -49.87, -64.26,  271.72,  29.64
 216.60,  11500.00, -49.98, -64.61,  270.72,  30.77
 213.40,  11600.00, -50.09, -64.96,  269.72,  31.90
 210.10,  11700.00, -50.20, -65.31,  268.72,  33.03
 206.90,  11800.00, -50.31, -65.66,  267.72,  34.19
 203.60,  11900.00, -50.43, -66.01,  266.72,  35.34
 200.40,  12000.00, -50.54, -66.36,  265.72,  36.51
 197.40,  12100.00, -50.87, -66.48,  265.50,  36.74
 194.60,  12200.00, -51.23, -66.57,  265.38,  36.86
 191.70,  12300.00, -51.59, -66.66,  265.26,  36.97
 188.80,  12400.00, -51.95, -66.75,  265.14,  37.09
 185.90,  12500.00, -52.31, -66.84,  265.01,  37.21
 183.00,  12600.00, -52.67, -66.94,  264.89,  37.32
 180.20,  12700.00, -53.03, -67.03,  264.77,  37.44
 177.30,  12800.00, -53.39, -67.12,  264.65,  37.55
 174.50,  12900.00, -53.76, -67.25,  264.28,  37.52
 171.90,  13000.00, -54.19, -67.52,  262.96,  36.84
 169.40,  13100.00, -54.61, -67.79,  261.64,  36.17
 166.80,  13200.00, -55.04, -68.06,  260.32,  35.51
 164.30,  13300.00, -55.47, -68.33,  259.00,  34.89
 161.70,  13400.00, -55.90, -68.60,  257.69,  34.27
 159.20,  13500.00, -56.33, -68.87,  256.37,  33.69
 156.60,  13600.00, -56.75, -69.14,  255.05,  33.10
 154.10,  13700.00, -57.18, -69.41,  253.73,  32.56
 151.60,  13800.00, -57.61, -69.68,  252.41,  32.02
 149.20,  13900.00, -58.01, -69.95,  251.34,  31.51
 147.00,  14000.00, -58.37, -70.24,  250.65,  31.00
 144.80,  14100.00, -58.73, -70.53,  249.96,  30.52
 142.60,  14200.00, -59.09, -70.82,  249.27,  30.01
 140.40,  14300.00, -59.45, -71.11,  248.58,  29.53
 138.30,  14400.00, -59.81, -71.40,  247.89,  29.02
 136.10,  14500.00, -60.17, -71.68,  247.20,  28.54
 133.90,  14600.00, -60.53, -71.97,  246.51,  28.07
 131.70,  14700.00, -60.89, -72.26,  245.82,  27.58
 129.50,  14800.00, -61.25, -72.55,  245.13,  27.12
 127.40,  14900.00, -61.61, -72.84,  244.44,  26.65
 125.20,  15000.00, -61.97, -73.13,  243.75,  26.18
 123.30,  15100.00, -62.33, -73.42,  244.62,  25.64
 121.50,  15200.00, -62.68, -73.72,  245.63,  25.08
 119.60,  15300.00, -63.04, -74.01,  246.65,  24.53
 117.80,  15400.00, -63.39, -74.31,  247.66,  23.99
 115.90,  15500.00, -63.74, -74.60,  248.67,  23.46
 114.10,  15600.00, -64.10, -74.90,  249.69,  22.94
 112.20,  15700.00, -64.45, -75.19,  250.70,  22.41
 110.40,  15800.00, -64.81, -75.49,  251.71,  21.89
 108.50,  15900.00, -65.16, -75.79,  252.72,  21.38
 106.70,  16000.00, -65.52, -76.08,  253.74,  20.88
%END%
