1019.20000 	297.79664 	18.96787
0.00000 	297.79745 	18.96787 	-0.00000 	0.00000
100.00000 	297.80662 	17.56817 	-0.00000 	2.75228
200.00000 	298.07699 	17.72780 	-0.00000 	5.49941
300.00000 	298.65825 	17.80010 	0.53615 	9.47119
400.00000 	299.41519 	17.64406 	1.07133 	11.06540
500.00000 	300.31765 	17.19978 	1.60716 	12.25718
600.00000 	300.62667 	16.58229 	2.14179 	13.22381
700.00000 	300.84403 	15.93407 	2.67836 	14.05376
800.00000 	300.99137 	15.22674 	3.21428 	14.77917
900.00000 	301.35354 	14.06902 	3.75069 	15.42104
1000.00000 	301.60299 	13.40981 	4.28603 	15.99570
1100.00000 	301.75053 	13.09300 	4.82111 	16.51902
1200.00000 	301.86595 	13.03205 	5.35714 	16.99067
1300.00000 	301.93927 	12.95411 	5.89348 	17.42154
1400.00000 	302.01165 	12.96238 	6.43012 	17.81157
1500.00000 	302.34418 	12.97939 	6.96617 	18.16644
1600.00000 	302.55155 	12.57036 	7.50121 	18.49178
1700.00000 	302.63240 	11.99392 	8.03659 	18.78698
1800.00000 	302.71201 	11.44046 	8.57059 	19.05265
1900.00000 	302.81142 	10.91056 	9.10716 	19.29248
2000.00000 	302.92034 	10.41618 	9.64395 	19.51305
2100.00000 	303.08122 	9.97408 	10.17867 	19.70393
2200.00000 	303.26267 	9.54280 	10.71483 	19.87466
2300.00000 	303.46510 	9.04067 	11.25157 	20.02549
2400.00000 	303.86030 	8.55451 	11.78548 	20.15228
2500.00000 	304.45044 	8.19969 	12.32172 	20.25770
2600.00000 	304.96699 	8.19139 	12.85877 	20.34842
2700.00000 	305.46214 	8.24543 	13.39400 	20.41370
2800.00000 	306.14463 	8.23709 	13.93227 	20.46228
2900.00000 	306.69662 	8.10101 	14.46656 	20.49247
3000.00000 	307.03073 	7.82246 	14.99974 	20.50205
3100.00000 	307.57396 	7.66009 	15.49986 	20.50192
3200.00000 	308.28405 	7.57551 	15.99965 	20.50073
3300.00000 	309.05148 	7.51829 	16.50231 	20.50274
3400.00000 	309.83209 	7.46657 	17.00144 	20.50016
3500.00000 	310.64822 	7.43090 	17.49994 	20.50429
3600.00000 	311.47762 	7.40049 	17.99834 	20.50151
3700.00000 	312.09485 	7.27529 	18.49978 	20.50286
3800.00000 	312.68089 	7.12695 	19.00088 	20.50472
3900.00000 	313.26453 	6.98485 	19.50167 	20.50025
4000.00000 	313.88477 	6.85587 	20.00202 	20.50398
4100.00000 	314.51651 	6.73352 	20.50192 	20.50192
4200.00000 	315.09922 	6.60198 	21.00133 	20.50149
4300.00000 	315.68427 	6.46389 	21.50023 	20.50304
4400.00000 	316.28349 	6.32898 	22.00220 	20.50303
4500.00000 	316.88211 	6.19616 	22.49982 	20.50200
4600.00000 	317.47615 	6.05539 	23.00040 	20.49981
4700.00000 	318.07273 	5.81353 	23.50034 	20.50066
4800.00000 	318.68388 	5.44476 	24.00321 	20.50068
4900.00000 	319.32489 	5.09932 	24.50147 	20.50095
5000.00000 	320.00435 	4.86890 	25.00257 	20.50082
5100.00000 	320.69457 	4.65082 	25.49890 	20.50164
5200.00000 	321.38351 	4.41384 	26.00156 	20.49798
5300.00000 	322.11861 	4.13580 	26.49982 	20.50356
5400.00000 	322.84021 	3.87600 	27.00029 	20.50176
5500.00000 	323.60709 	3.63175 	27.50343 	20.50043
5600.00000 	324.33671 	3.40624 	28.00151 	20.50152
5700.00000 	324.67145 	3.24205 	28.50220 	20.50354
5800.00000 	325.01860 	3.08514 	29.00128 	20.50367
5900.00000 	325.39070 	2.93523 	29.50291 	20.50505
6000.00000 	325.78269 	2.79261 	30.00282 	20.50493
6100.00000 	326.16967 	2.65584 	30.37626 	20.50448
6200.00000 	326.57069 	2.52526 	30.75496 	20.50325
6300.00000 	326.99856 	2.40061 	31.13107 	20.50378
6400.00000 	327.42905 	2.28354 	31.50455 	20.50623
6500.00000 	327.89369 	2.22273 	31.87897 	20.50524
6600.00000 	328.38515 	2.17078 	32.25071 	20.50642
6700.00000 	328.90403 	2.12013 	32.62768 	20.50701
6800.00000 	329.40460 	2.07030 	33.00554 	20.50420
6900.00000 	329.94182 	2.02220 	33.38068 	20.50382
7000.00000 	330.47359 	1.97486 	33.75307 	20.50606
7100.00000 	331.34362 	1.92828 	34.12628 	20.50514
7200.00000 	332.31531 	1.88200 	34.50470 	20.50368
7300.00000 	333.31583 	1.83579 	34.88033 	20.50511
7400.00000 	333.89291 	1.79254 	35.25674 	20.50344
7500.00000 	334.33037 	1.75340 	35.63032 	20.50490
7600.00000 	334.78277 	1.71373 	36.00464 	20.50338
7700.00000 	335.22639 	1.67463 	36.37609 	20.50524
7800.00000 	335.70980 	1.63693 	36.75273 	20.50675
7900.00000 	336.20966 	1.60018 	37.13008 	20.50536
8000.00000 	336.67483 	1.56259 	37.50452 	20.50761
8100.00000 	336.80310 	1.50539 	37.87963 	20.50708
8200.00000 	336.92984 	1.45018 	38.25539 	20.50376
8300.00000 	337.09497 	1.39852 	38.62820 	20.50440
8400.00000 	337.25993 	1.34707 	39.00619 	20.50477
8500.00000 	337.42442 	1.29743 	39.37665 	20.50692
8600.00000 	337.60219 	1.24955 	39.75585 	20.50195
8700.00000 	337.80723 	1.20337 	40.12848 	20.50827
8800.00000 	338.04124 	1.15918 	40.50527 	20.50507
8900.00000 	338.26213 	1.11725 	40.87904 	20.50641
9000.00000 	338.51195 	1.07582 	41.25337 	20.50528
9100.00000 	338.76390 	1.03588 	41.62823 	20.50168
9200.00000 	339.03219 	0.99739 	42.00466 	20.50519
9300.00000 	339.36175 	0.96060 	42.37698 	20.50409
9400.00000 	339.66511 	0.92486 	42.75445 	20.50285
9500.00000 	339.91696 	0.86388 	43.12884 	20.50676
9600.00000 	340.18049 	0.79277 	43.50372 	20.50841
9700.00000 	340.42700 	0.72677 	43.87909 	20.50779
9800.00000 	340.68838 	0.66580 	44.25492 	20.50491
9900.00000 	341.01262 	0.60972 	44.62764 	20.50755
10000.00000 	341.30586 	0.55832 	45.00081 	20.50805
10100.00000 	341.61561 	0.51039 	45.00081 	20.50805
10200.00000 	341.97731 	0.46640 	45.00081 	20.50805
10300.00000 	342.32244 	0.42573 	45.00081 	20.50805
10400.00000 	342.68597 	0.38872 	45.00081 	20.50805
10500.00000 	343.09030 	0.35381 	45.00081 	20.50805
10600.00000 	343.54183 	0.32154 	45.00081 	20.50805
10700.00000 	344.01164 	0.29166 	45.00081 	20.50805
10800.00000 	344.46205 	0.26451 	45.00081 	20.50805
10900.00000 	344.95498 	0.23953 	45.00081 	20.50805
11000.00000 	345.48299 	0.21695 	45.00081 	20.50805
11100.00000 	346.02168 	0.19710 	45.00081 	20.50805
11200.00000 	346.55927 	0.18114 	45.00081 	20.50805
11300.00000 	347.11618 	0.16655 	45.00081 	20.50805
11400.00000 	347.69311 	0.15305 	45.00081 	20.50805
11500.00000 	348.29078 	0.14056 	45.00081 	20.50805
11600.00000 	348.90995 	0.12886 	45.00081 	20.50805
11700.00000 	349.37059 	0.12205 	45.00081 	20.50805
11800.00000 	349.81979 	0.11637 	45.00081 	20.50805
11900.00000 	350.28876 	0.11094 	45.00081 	20.50805
12000.00000 	350.79376 	0.10576 	45.00081 	20.50805
12100.00000 	351.25716 	0.10076 	45.00081 	20.50805
12200.00000 	351.78929 	0.09603 	45.00081 	20.50805
12300.00000 	351.97709 	0.09075 	45.00081 	20.50805
12400.00000 	351.97198 	0.08536 	45.00081 	20.50805
12500.00000 	351.96477 	0.08017 	45.00081 	20.50805
12600.00000 	351.98760 	0.07537 	45.00081 	20.50805
12700.00000 	352.02519 	0.07075 	45.00081 	20.50805
12800.00000 	352.11468 	0.06651 	45.00081 	20.50805
12900.00000 	352.18423 	0.06248 	45.00081 	20.50805
13000.00000 	352.27032 	0.05861 	45.00081 	20.50805
13100.00000 	352.35733 	0.05502 	45.00081 	20.50805
13200.00000 	352.47839 	0.05159 	45.00081 	20.50805
13300.00000 	352.61801 	0.04841 	45.00081 	20.50805
13400.00000 	352.81829 	0.04545 	45.00081 	20.50805
13500.00000 	352.99824 	0.04258 	45.00081 	20.50805
13600.00000 	353.19916 	0.03993 	45.00081 	20.50805
13700.00000 	353.40525 	0.03739 	45.00081 	20.50805
13800.00000 	353.65078 	0.03505 	45.00081 	20.50805
13900.00000 	353.92010 	0.03284 	45.00081 	20.50805
14000.00000 	354.27856 	0.03075 	45.00081 	20.50805
14100.00000 	354.58288 	0.02881 	43.75045 	20.50352
14200.00000 	354.93137 	0.02695 	42.50036 	20.50888
14300.00000 	355.27728 	0.02520 	41.25337 	20.50528
14400.00000 	355.67977 	0.02353 	40.00268 	20.50566
14500.00000 	356.05251 	0.02195 	38.74871 	20.50773
14600.00000 	356.50120 	0.02051 	37.50001 	20.50514
14700.00000 	356.91969 	0.01912 	36.24981 	20.50916
14800.00000 	357.43608 	0.01783 	34.99770 	20.50840
14900.00000 	357.96222 	0.01665 	33.75307 	20.50606
15000.00000 	358.45758 	0.01551 	32.50047 	20.50627
15100.00000 	359.04057 	0.01445 	31.24925 	20.51131
15200.00000 	361.47216 	0.01437 	29.99924 	20.51016
15300.00000 	364.08387 	0.01437 	28.75180 	20.50846
15400.00000 	366.66860 	0.01439 	27.49986 	20.50523
15500.00000 	369.26350 	0.01442 	26.24886 	20.50785
15600.00000 	371.90649 	0.01445 	24.99899 	20.50519
15700.00000 	375.30189 	0.01447 	23.74787 	20.50585
15800.00000 	378.82338 	0.01450 	22.50005 	20.50939
15900.00000 	382.32565 	0.01453 	21.24862 	20.50523
16000.00000 	385.82710 	0.01455 	19.99844 	20.50748
16100.00000 	389.49632 	0.01459 	19.99844 	20.50748
16200.00000 	393.19942 	0.01463 	19.99844 	20.50748
16300.00000 	396.93644 	0.01467 	19.99844 	20.50748
16400.00000 	400.70737 	0.01471 	19.99844 	20.50748
16500.00000 	404.51215 	0.01475 	19.99844 	20.50748
16600.00000 	408.36230 	0.01479 	19.99844 	20.50748
16700.00000 	412.24676 	0.01484 	19.99844 	20.50748
16800.00000 	416.16537 	0.01488 	19.99844 	20.50748
16900.00000 	420.11795 	0.01492 	19.99844 	20.50748
17000.00000 	424.11723 	0.01497 	19.99844 	20.50748
17100.00000 	428.15068 	0.01501 	19.99844 	20.50748
17200.00000 	432.21799 	0.01506 	19.99844 	20.50748
17300.00000 	436.33288 	0.01511 	19.99844 	20.50748
17400.00000 	440.48162 	0.01516 	19.99844 	20.50748
17500.00000 	444.67865 	0.01521 	19.99844 	20.50748
17600.00000 	448.92474 	0.01526 	19.99844 	20.50748
17700.00000 	453.18895 	0.01531 	19.99844 	20.50748
17800.00000 	457.51815 	0.01536 	19.99844 	20.50748
17900.00000 	461.88088 	0.01541 	19.99844 	20.50748
18000.00000 	466.29363 	0.01547 	19.99844 	20.50748
18100.00000 	470.73928 	0.01552 	19.99844 	20.50748
18200.00000 	475.23519 	0.01558 	19.99844 	20.50748
18300.00000 	479.78193 	0.01564 	19.99844 	20.50748
18400.00000 	484.36068 	0.01570 	19.99844 	20.50748
18500.00000 	488.99022 	0.01575 	19.99844 	20.50748
18600.00000 	493.67102 	0.01582 	19.99844 	20.50748
18700.00000 	498.40351 	0.01588 	19.99844 	20.50748
18800.00000 	503.18813 	0.01594 	19.99844 	20.50748
18900.00000 	508.02524 	0.01601 	19.99844 	20.50748
19000.00000 	512.89209 	0.01607 	19.99844 	20.50748
19100.00000 	517.81072 	0.01614 	19.99844 	20.50748
19200.00000 	522.80585 	0.01621 	19.99844 	20.50748
19300.00000 	527.82933 	0.01627 	19.99844 	20.50748
19400.00000 	532.90506 	0.01634 	19.99844 	20.50748
19500.00000 	538.05993 	0.01642 	19.99844 	20.50748
19600.00000 	543.24105 	0.01649 	19.99844 	20.50748
19700.00000 	548.50289 	0.01657 	19.99844 	20.50748
19800.00000 	553.78913 	0.01664 	19.99844 	20.50748
19900.00000 	559.15748 	0.01672 	19.99844 	20.50748
20000.00000 	564.57918 	0.01680 	19.99844 	20.50748
