887.70000 	313.75399 	12.27085
0.00000 	313.74867 	12.27085 	-0.00000 	0.00000
100.00000 	313.75920 	11.84551 	-0.00000 	2.75228
200.00000 	314.03846 	11.92445 	-0.00000 	5.49941
300.00000 	314.36931 	12.05374 	0.53615 	9.47119
400.00000 	314.67909 	12.16159 	1.07133 	11.06540
500.00000 	314.71502 	12.09758 	1.60716 	12.25718
600.00000 	314.77029 	12.02853 	2.14179 	13.22381
700.00000 	314.80203 	11.95816 	2.67836 	14.05376
800.00000 	314.80965 	11.87042 	3.21428 	14.77917
900.00000 	314.82618 	11.79391 	3.75069 	15.42104
1000.00000 	314.89357 	11.69384 	4.28603 	15.99570
1100.00000 	314.98007 	11.58636 	4.82111 	16.51902
1200.00000 	315.07584 	11.46535 	5.35714 	16.99067
1300.00000 	315.23222 	11.18860 	5.89348 	17.42154
1400.00000 	315.41007 	10.92011 	6.43012 	17.81157
1500.00000 	315.58600 	10.62027 	6.96617 	18.16644
1600.00000 	315.72715 	10.23503 	7.50121 	18.49178
1700.00000 	315.88915 	9.85612 	8.03659 	18.78698
1800.00000 	316.02544 	9.39572 	8.57059 	19.05265
1900.00000 	316.13859 	8.80579 	9.10716 	19.29248
2000.00000 	316.24888 	8.24839 	9.64395 	19.51305
2100.00000 	316.36723 	7.66723 	10.17867 	19.70393
2200.00000 	316.51784 	7.04195 	10.71483 	19.87466
2300.00000 	316.66560 	6.45728 	11.25157 	20.02549
2400.00000 	316.78795 	5.98094 	11.78548 	20.15228
2500.00000 	316.83948 	5.63010 	12.32172 	20.25770
2600.00000 	316.91206 	5.30190 	12.85877 	20.34842
2700.00000 	316.99480 	4.99858 	13.39400 	20.41370
2800.00000 	317.03700 	4.74858 	13.93227 	20.46228
2900.00000 	317.10053 	4.50665 	14.46656 	20.49247
3000.00000 	317.15989 	4.27532 	14.99974 	20.50205
3100.00000 	317.34110 	4.02031 	15.49986 	20.50192
3200.00000 	317.52193 	3.78205 	15.99965 	20.50073
3300.00000 	317.69908 	3.55606 	16.50231 	20.50274
3400.00000 	317.90713 	3.33401 	17.00144 	20.50016
3500.00000 	318.12290 	3.12403 	17.49994 	20.50429
3600.00000 	318.36596 	2.92427 	17.99834 	20.50151
3700.00000 	318.57790 	2.73301 	18.49978 	20.50286
3800.00000 	318.78558 	2.53836 	19.00088 	20.50472
3900.00000 	319.00504 	2.35630 	19.50167 	20.50025
4000.00000 	319.23665 	2.18789 	20.00202 	20.50398
4100.00000 	319.43539 	2.01138 	20.50192 	20.50192
4200.00000 	319.62909 	1.84439 	21.00133 	20.50149
4300.00000 	319.83990 	1.68889 	21.50023 	20.50304
4400.00000 	320.05792 	1.54371 	22.00220 	20.50303
4500.00000 	320.24116 	1.39612 	22.49982 	20.50200
4600.00000 	320.43641 	1.26246 	23.00040 	20.49981
4700.00000 	320.64406 	1.13944 	23.50034 	20.50066
4800.00000 	320.84610 	1.02260 	24.00321 	20.50068
4900.00000 	321.04220 	0.90834 	24.50147 	20.50095
5000.00000 	321.26321 	0.80645 	25.00257 	20.50082
5100.00000 	321.46583 	0.71418 	25.49890 	20.50164
5200.00000 	321.78049 	0.62980 	26.00156 	20.49798
5300.00000 	322.16930 	0.55273 	26.49982 	20.50356
5400.00000 	322.58480 	0.48428 	27.00029 	20.50176
5500.00000 	323.01507 	0.42319 	27.50343 	20.50043
5600.00000 	323.53607 	0.37386 	28.00151 	20.50152
5700.00000 	324.16210 	0.33745 	28.50220 	20.50354
5800.00000 	324.80427 	0.30399 	29.00128 	20.50367
5900.00000 	325.47582 	0.27384 	29.50291 	20.50505
6000.00000 	326.15188 	0.24642 	30.00282 	20.50493
6100.00000 	326.60883 	0.22508 	30.37626 	20.50448
6200.00000 	327.05864 	0.20559 	30.75496 	20.50325
6300.00000 	327.55957 	0.18751 	31.13107 	20.50378
6400.00000 	328.04082 	0.17084 	31.50455 	20.50623
6500.00000 	328.42363 	0.15815 	31.87897 	20.50524
6600.00000 	328.69333 	0.14817 	32.25071 	20.50642
6700.00000 	328.99057 	0.13893 	32.62768 	20.50701
6800.00000 	329.26497 	0.13019 	33.00554 	20.50420
6900.00000 	329.59231 	0.12186 	33.38068 	20.50382
7000.00000 	329.85834 	0.11471 	33.75307 	20.50606
7100.00000 	330.12678 	0.10804 	34.12628 	20.50514
7200.00000 	330.39658 	0.10174 	34.50470 	20.50368
7300.00000 	330.69494 	0.09578 	34.88033 	20.50511
7400.00000 	330.99559 	0.09014 	35.25674 	20.50344
7500.00000 	331.27130 	0.08767 	35.63032 	20.50490
7600.00000 	331.54810 	0.08603 	36.00464 	20.50338
7700.00000 	331.85447 	0.08445 	36.37609 	20.50524
7800.00000 	332.16227 	0.08278 	36.75273 	20.50675
7900.00000 	332.47246 	0.08126 	37.13008 	20.50536
8000.00000 	332.78361 	0.07983 	37.50452 	20.50761
8100.00000 	333.09511 	0.07851 	37.87963 	20.50708
8200.00000 	333.39243 	0.07728 	38.25539 	20.50376
8300.00000 	333.73639 	0.07602 	38.62820 	20.50440
8400.00000 	334.08367 	0.07478 	39.00619 	20.50477
8500.00000 	334.43110 	0.07356 	39.37665 	20.50692
8600.00000 	334.75987 	0.07298 	39.75585 	20.50195
8700.00000 	335.10510 	0.07242 	40.12848 	20.50827
8800.00000 	335.45312 	0.07188 	40.50527 	20.50507
8900.00000 	335.83303 	0.07144 	40.87904 	20.50641
9000.00000 	336.19689 	0.07091 	41.25337 	20.50528
9100.00000 	336.61356 	0.07041 	41.62823 	20.50168
9200.00000 	336.92894 	0.06970 	42.00466 	20.50519
9300.00000 	337.27576 	0.06892 	42.37698 	20.50409
9400.00000 	337.62553 	0.06816 	42.75445 	20.50285
9500.00000 	337.99343 	0.06742 	43.12884 	20.50676
9600.00000 	338.35709 	0.06668 	43.50372 	20.50841
9700.00000 	338.76272 	0.06598 	43.87909 	20.50779
9800.00000 	339.17932 	0.06473 	44.25492 	20.50491
9900.00000 	339.56642 	0.06294 	44.62764 	20.50755
10000.00000 	339.98688 	0.06121 	45.00081 	20.50805
10100.00000 	340.37046 	0.05950 	45.00081 	20.50805
10200.00000 	340.81406 	0.05787 	45.00081 	20.50805
10300.00000 	341.29333 	0.05629 	45.00081 	20.50805
10400.00000 	341.77873 	0.05476 	45.00081 	20.50805
10500.00000 	342.24464 	0.05246 	45.00081 	20.50805
10600.00000 	342.70179 	0.04950 	45.00081 	20.50805
10700.00000 	343.17867 	0.04676 	45.00081 	20.50805
10800.00000 	343.67604 	0.04416 	45.00081 	20.50805
10900.00000 	344.21029 	0.04170 	45.00081 	20.50805
11000.00000 	344.75108 	0.03937 	45.00081 	20.50805
11100.00000 	345.26636 	0.03715 	45.00081 	20.50805
11200.00000 	345.85309 	0.03506 	45.00081 	20.50805
11300.00000 	346.40942 	0.03287 	45.00081 	20.50805
11400.00000 	346.98703 	0.03080 	45.00081 	20.50805
11500.00000 	347.55085 	0.02885 	45.00081 	20.50805
11600.00000 	348.17261 	0.02702 	45.00081 	20.50805
11700.00000 	348.76442 	0.02529 	45.00081 	20.50805
11800.00000 	349.44996 	0.02368 	45.00081 	20.50805
11900.00000 	350.08929 	0.02216 	45.00081 	20.50805
12000.00000 	350.80999 	0.02071 	45.00081 	20.50805
12100.00000 	351.52529 	0.01945 	45.00081 	20.50805
12200.00000 	352.26419 	0.01835 	45.00081 	20.50805
12300.00000 	353.08603 	0.01732 	45.00081 	20.50805
12400.00000 	353.85635 	0.01633 	45.00081 	20.50805
12500.00000 	354.66819 	0.01537 	45.00081 	20.50805
12600.00000 	355.48904 	0.01449 	45.00081 	20.50805
12700.00000 	356.41795 	0.01367 	45.00081 	20.50805
12800.00000 	357.29459 	0.01288 	45.00081 	20.50805
12900.00000 	358.21726 	0.01214 	45.00081 	20.50805
13000.00000 	359.22138 	0.01144 	45.00081 	20.50805
13100.00000 	360.27388 	0.01143 	45.00081 	20.50805
13200.00000 	361.42260 	0.01149 	45.00081 	20.50805
13300.00000 	362.61764 	0.01154 	45.00081 	20.50805
13400.00000 	363.75167 	0.01159 	45.00081 	20.50805
13500.00000 	365.00664 	0.01163 	45.00081 	20.50805
13600.00000 	366.19982 	0.01169 	45.00081 	20.50805
13700.00000 	367.51940 	0.01176 	45.00081 	20.50805
13800.00000 	368.85623 	0.01183 	45.00081 	20.50805
13900.00000 	370.16582 	0.01187 	45.00081 	20.50805
14000.00000 	371.57518 	0.01195 	45.00081 	20.50805
14100.00000 	372.95697 	0.01203 	43.75045 	20.50352
14200.00000 	374.66145 	0.01254 	42.50036 	20.50888
14300.00000 	376.47225 	0.01314 	41.25337 	20.50528
14400.00000 	378.33653 	0.01377 	40.00268 	20.50566
14500.00000 	380.12671 	0.01442 	38.74871 	20.50773
14600.00000 	382.04492 	0.01511 	37.50001 	20.50514
14700.00000 	383.90604 	0.01585 	36.24981 	20.50916
14800.00000 	385.90183 	0.01662 	34.99770 	20.50840
14900.00000 	387.83929 	0.01742 	33.75307 	20.50606
15000.00000 	389.91864 	0.01827 	32.50047 	20.50627
15100.00000 	391.95738 	0.01915 	31.24925 	20.51131
15200.00000 	394.12708 	0.02010 	29.99924 	20.51016
15300.00000 	396.23598 	0.02108 	28.75180 	20.50846
15400.00000 	398.50342 	0.02217 	27.49986 	20.50523
15500.00000 	400.61297 	0.02280 	26.24886 	20.50785
15600.00000 	402.45346 	0.02275 	24.99899 	20.50519
15700.00000 	404.30636 	0.02270 	23.74787 	20.50585
15800.00000 	406.33366 	0.02268 	22.50005 	20.50939
15900.00000 	408.25579 	0.02264 	21.24862 	20.50523
16000.00000 	410.35991 	0.02263 	19.99844 	20.50748
16100.00000 	412.77925 	0.02268 	19.99844 	20.50748
16200.00000 	415.22839 	0.02273 	19.99844 	20.50748
16300.00000 	417.69408 	0.02278 	19.99844 	20.50748
16400.00000 	420.18978 	0.02284 	19.99844 	20.50748
16500.00000 	422.70153 	0.02289 	19.99844 	20.50748
16600.00000 	425.22863 	0.02294 	19.99844 	20.50748
16700.00000 	427.80063 	0.02300 	19.99844 	20.50748
16800.00000 	430.37246 	0.02306 	19.99844 	20.50748
16900.00000 	432.98987 	0.02312 	19.99844 	20.50748
17000.00000 	435.62172 	0.02318 	19.99844 	20.50748
17100.00000 	438.28382 	0.02324 	19.99844 	20.50748
17200.00000 	440.95924 	0.02330 	19.99844 	20.50748
17300.00000 	443.66453 	0.02337 	19.99844 	20.50748
17400.00000 	446.39989 	0.02343 	19.99844 	20.50748
17500.00000 	449.16549 	0.02350 	19.99844 	20.50748
17600.00000 	451.94244 	0.02357 	19.99844 	20.50748
17700.00000 	454.76847 	0.02364 	19.99844 	20.50748
17800.00000 	457.60503 	0.02371 	19.99844 	20.50748
17900.00000 	460.47121 	0.02379 	19.99844 	20.50748
18000.00000 	463.36700 	0.02386 	19.99844 	20.50748
18100.00000 	466.29235 	0.02394 	19.99844 	20.50748
18200.00000 	469.24717 	0.02402 	19.99844 	20.50748
18300.00000 	472.23134 	0.02410 	19.99844 	20.50748
18400.00000 	475.24468 	0.02418 	19.99844 	20.50748
18500.00000 	478.28695 	0.02426 	19.99844 	20.50748
18600.00000 	481.35788 	0.02435 	19.99844 	20.50748
18700.00000 	484.45711 	0.02443 	19.99844 	20.50748
18800.00000 	487.61049 	0.02452 	19.99844 	20.50748
18900.00000 	490.76576 	0.02461 	19.99844 	20.50748
19000.00000 	493.97564 	0.02471 	19.99844 	20.50748
19100.00000 	497.18482 	0.02480 	19.99844 	20.50748
19200.00000 	500.44886 	0.02489 	19.99844 	20.50748
19300.00000 	503.76939 	0.02500 	19.99844 	20.50748
19400.00000 	507.08621 	0.02509 	19.99844 	20.50748
19500.00000 	510.45951 	0.02520 	19.99844 	20.50748
19600.00000 	513.85822 	0.02530 	19.99844 	20.50748
19700.00000 	517.28124 	0.02540 	19.99844 	20.50748
19800.00000 	520.76203 	0.02551 	19.99844 	20.50748
19900.00000 	524.26659 	0.02562 	19.99844 	20.50748
20000.00000 	527.83021 	0.02574 	19.99844 	20.50748
