889.80000 	307.12137 	13.67404
0.00000 	307.11627 	13.67404 	-0.00000 	0.00000
100.00000 	308.52416 	14.27913 	-0.00000 	2.75228
200.00000 	309.02390 	14.73333 	-0.00000 	5.49941
300.00000 	309.33673 	14.87764 	0.53615 	9.47119
400.00000 	309.64962 	14.72011 	1.07133 	11.06540
500.00000 	309.84685 	14.32512 	1.60716 	12.25718
600.00000 	309.95883 	13.89277 	2.14179 	13.22381
700.00000 	310.00577 	13.52531 	2.67836 	14.05376
800.00000 	310.00844 	13.15874 	3.21428 	14.77917
900.00000 	310.36021 	12.43607 	3.75069 	15.42104
1000.00000 	310.65845 	11.85196 	4.28603 	15.99570
1100.00000 	311.06330 	11.02601 	4.82111 	16.51902
1200.00000 	311.47893 	10.14612 	5.35714 	16.99067
1300.00000 	311.52841 	9.92156 	5.89348 	17.42154
1400.00000 	311.57454 	9.81421 	6.43012 	17.81157
1500.00000 	311.84712 	9.48296 	6.96617 	18.16644
1600.00000 	312.42379 	9.00917 	7.50121 	18.49178
1700.00000 	313.39503 	8.53194 	8.03659 	18.78698
1800.00000 	314.30371 	8.11095 	8.57059 	19.05265
1900.00000 	314.91935 	7.74190 	9.10716 	19.29248
2000.00000 	315.29096 	7.41258 	9.64395 	19.51305
2100.00000 	315.49685 	7.10640 	10.17867 	19.70393
2200.00000 	315.77835 	6.52716 	10.71483 	19.87466
2300.00000 	315.97977 	5.96368 	11.25157 	20.02549
2400.00000 	316.05531 	5.46357 	11.78548 	20.15228
2500.00000 	316.14077 	5.17513 	12.32172 	20.25770
2600.00000 	316.23398 	4.97340 	12.85877 	20.34842
2700.00000 	316.32353 	4.82857 	13.39400 	20.41370
2800.00000 	316.44607 	4.62842 	13.93227 	20.46228
2900.00000 	316.51943 	4.52314 	14.46656 	20.49247
3000.00000 	316.57726 	4.43978 	14.99974 	20.50205
3100.00000 	316.72573 	3.89939 	15.49986 	20.50192
3200.00000 	316.78652 	3.66411 	15.99965 	20.50073
3300.00000 	316.80324 	3.64539 	16.50231 	20.50274
3400.00000 	316.99359 	3.27180 	17.00144 	20.50016
3500.00000 	317.19888 	2.93346 	17.49994 	20.50429
3600.00000 	317.42766 	2.62688 	17.99834 	20.50151
3700.00000 	317.69152 	2.32925 	18.49978 	20.50286
3800.00000 	317.99827 	2.05515 	19.00088 	20.50472
3900.00000 	318.30537 	1.81040 	19.50167 	20.50025
4000.00000 	318.62493 	1.59217 	20.00202 	20.50398
4100.00000 	318.96922 	1.39789 	20.50192 	20.50192
4200.00000 	319.33190 	1.22544 	21.00133 	20.50149
4300.00000 	319.69152 	1.07312 	21.50023 	20.50304
4400.00000 	320.12115 	0.84331 	22.00220 	20.50303
4500.00000 	320.58318 	0.62812 	22.49982 	20.50200
4600.00000 	321.07140 	0.46391 	23.00040 	20.49981
4700.00000 	321.56209 	0.33962 	23.50034 	20.50066
4800.00000 	321.98821 	0.27345 	24.00321 	20.50068
4900.00000 	322.20674 	0.26474 	24.50147 	20.50095
5000.00000 	322.44929 	0.25631 	25.00257 	20.50082
5100.00000 	322.69170 	0.24814 	25.49890 	20.50164
5200.00000 	322.97850 	0.24028 	26.00156 	20.49798
5300.00000 	323.24661 	0.23262 	26.49982 	20.50356
5400.00000 	323.54052 	0.22520 	27.00029 	20.50176
5500.00000 	323.84829 	0.21824 	27.50343 	20.50043
5600.00000 	324.15781 	0.21128 	28.00151 	20.50152
5700.00000 	324.51562 	0.20459 	28.50220 	20.50354
5800.00000 	324.85542 	0.19807 	29.00128 	20.50367
5900.00000 	325.19708 	0.19382 	29.50291 	20.50505
6000.00000 	325.52608 	0.19112 	30.00282 	20.50493
6100.00000 	325.87811 	0.18852 	30.37626 	20.50448
6200.00000 	326.23507 	0.18574 	30.75496 	20.50325
6300.00000 	326.61652 	0.18326 	31.13107 	20.50378
6400.00000 	326.99037 	0.18078 	31.50455 	20.50623
6500.00000 	327.41622 	0.17823 	31.87897 	20.50524
6600.00000 	327.82188 	0.17587 	32.25071 	20.50642
6700.00000 	328.47108 	0.16896 	32.62768 	20.50701
6800.00000 	329.13973 	0.16159 	33.00554 	20.50420
6900.00000 	329.81433 	0.15465 	33.38068 	20.50382
7000.00000 	330.51882 	0.14787 	33.75307 	20.50606
7100.00000 	331.24308 	0.14457 	34.12628 	20.50514
7200.00000 	331.93374 	0.14466 	34.50470 	20.50368
7300.00000 	332.64233 	0.14477 	34.88033 	20.50511
7400.00000 	333.39660 	0.14495 	35.25674 	20.50344
7500.00000 	334.06154 	0.14570 	35.63032 	20.50490
7600.00000 	334.40344 	0.14958 	36.00464 	20.50338
7700.00000 	334.78882 	0.15364 	36.37609 	20.50524
7800.00000 	335.16181 	0.15779 	36.75273 	20.50675
7900.00000 	335.55095 	0.16209 	37.13008 	20.50536
8000.00000 	335.95678 	0.16653 	37.50452 	20.50761
8100.00000 	336.37991 	0.17112 	37.87963 	20.50708
8200.00000 	336.82094 	0.17569 	38.25539 	20.50376
8300.00000 	337.07521 	0.17047 	38.62820 	20.50440
8400.00000 	337.21151 	0.15969 	39.00619 	20.50477
8500.00000 	337.36132 	0.14955 	39.37665 	20.50692
8600.00000 	337.52511 	0.14000 	39.75585 	20.50195
8700.00000 	337.71757 	0.13102 	40.12848 	20.50827
8800.00000 	337.91086 	0.12257 	40.50527 	20.50507
8900.00000 	338.11968 	0.11463 	40.87904 	20.50641
9000.00000 	338.34458 	0.10705 	41.25337 	20.50528
9100.00000 	338.58617 	0.10005 	41.62823 	20.50168
9200.00000 	338.84505 	0.09347 	42.00466 	20.50519
9300.00000 	339.12190 	0.08730 	42.37698 	20.50409
9400.00000 	339.43202 	0.08151 	42.75445 	20.50285
9500.00000 	339.74696 	0.07608 	43.12884 	20.50676
9600.00000 	340.04411 	0.07096 	43.50372 	20.50841
9700.00000 	340.25129 	0.06707 	43.87909 	20.50779
9800.00000 	340.45945 	0.06332 	44.25492 	20.50491
9900.00000 	340.65920 	0.05980 	44.62764 	20.50755
10000.00000 	340.90003 	0.05643 	45.00081 	20.50805
10100.00000 	341.17346 	0.05330 	45.00081 	20.50805
10200.00000 	341.40853 	0.05025 	45.00081 	20.50805
10300.00000 	341.71858 	0.04745 	45.00081 	20.50805
10400.00000 	342.04839 	0.04474 	45.00081 	20.50805
10500.00000 	342.33974 	0.04216 	45.00081 	20.50805
10600.00000 	342.71062 	0.03978 	45.00081 	20.50805
10700.00000 	343.11918 	0.03796 	45.00081 	20.50805
10800.00000 	343.56921 	0.03979 	45.00081 	20.50805
10900.00000 	344.02328 	0.04178 	45.00081 	20.50805
11000.00000 	344.51330 	0.04381 	45.00081 	20.50805
11100.00000 	345.07280 	0.04603 	45.00081 	20.50805
11200.00000 	345.59100 	0.04828 	45.00081 	20.50805
11300.00000 	346.32265 	0.05223 	45.00081 	20.50805
11400.00000 	347.16932 	0.05847 	45.00081 	20.50805
11500.00000 	348.05644 	0.06542 	45.00081 	20.50805
11600.00000 	349.05412 	0.07268 	45.00081 	20.50805
11700.00000 	350.52288 	0.07276 	45.00081 	20.50805
11800.00000 	352.02236 	0.07277 	45.00081 	20.50805
11900.00000 	353.47205 	0.07289 	45.00081 	20.50805
12000.00000 	354.91311 	0.07298 	45.00081 	20.50805
12100.00000 	355.81637 	0.05204 	45.00081 	20.50805
12200.00000 	356.71208 	0.03582 	45.00081 	20.50805
12300.00000 	357.65060 	0.02441 	45.00081 	20.50805
12400.00000 	358.66146 	0.01642 	45.00081 	20.50805
12500.00000 	359.67789 	0.01407 	45.00081 	20.50805
12600.00000 	360.70877 	0.01408 	45.00081 	20.50805
12700.00000 	361.76667 	0.01410 	45.00081 	20.50805
12800.00000 	362.86961 	0.01413 	45.00081 	20.50805
12900.00000 	364.05250 	0.01416 	45.00081 	20.50805
13000.00000 	365.18201 	0.01419 	45.00081 	20.50805
13100.00000 	365.97774 	0.01420 	45.00081 	20.50805
13200.00000 	366.79852 	0.01422 	45.00081 	20.50805
13300.00000 	367.66269 	0.01425 	45.00081 	20.50805
13400.00000 	368.53654 	0.01426 	45.00081 	20.50805
13500.00000 	369.43844 	0.01430 	45.00081 	20.50805
13600.00000 	370.36952 	0.01434 	45.00081 	20.50805
13700.00000 	371.26999 	0.01435 	45.00081 	20.50805
13800.00000 	372.31495 	0.01440 	45.00081 	20.50805
13900.00000 	373.41636 	0.01440 	45.00081 	20.50805
14000.00000 	374.54541 	0.01442 	45.00081 	20.50805
14100.00000 	375.70311 	0.01443 	43.75045 	20.50352
14200.00000 	376.89054 	0.01445 	42.50036 	20.50888
14300.00000 	378.17876 	0.01448 	41.25337 	20.50528
14400.00000 	379.43075 	0.01449 	40.00268 	20.50566
14500.00000 	380.71612 	0.01453 	38.74871 	20.50773
14600.00000 	382.03618 	0.01456 	37.50001 	20.50514
14700.00000 	383.39236 	0.01461 	36.24981 	20.50916
14800.00000 	384.76747 	0.01464 	34.99770 	20.50840
14900.00000 	386.31967 	0.01465 	33.75307 	20.50606
15000.00000 	387.82443 	0.01465 	32.50047 	20.50627
15100.00000 	389.46574 	0.01466 	31.24925 	20.51131
15200.00000 	391.03944 	0.01469 	29.99924 	20.51016
15300.00000 	392.64851 	0.01470 	28.75180 	20.50846
15400.00000 	394.29431 	0.01472 	27.49986 	20.50523
15500.00000 	396.09102 	0.01475 	26.24886 	20.50785
15600.00000 	397.81708 	0.01477 	24.99899 	20.50519
15700.00000 	399.58448 	0.01482 	23.74787 	20.50585
15800.00000 	402.11624 	0.01484 	22.50005 	20.50939
15900.00000 	404.72964 	0.01484 	21.24862 	20.50523
16000.00000 	407.38825 	0.01487 	19.99844 	20.50748
16100.00000 	410.36512 	0.01493 	19.99844 	20.50748
16200.00000 	413.37772 	0.01500 	19.99844 	20.50748
16300.00000 	416.42660 	0.01507 	19.99844 	20.50748
16400.00000 	419.48432 	0.01514 	19.99844 	20.50748
16500.00000 	422.59234 	0.01522 	19.99844 	20.50748
16600.00000 	425.70803 	0.01529 	19.99844 	20.50748
16700.00000 	428.87501 	0.01536 	19.99844 	20.50748
16800.00000 	432.06384 	0.01544 	19.99844 	20.50748
16900.00000 	435.27373 	0.01551 	19.99844 	20.50748
17000.00000 	438.52025 	0.01559 	19.99844 	20.50748
17100.00000 	441.80381 	0.01567 	19.99844 	20.50748
17200.00000 	445.12477 	0.01575 	19.99844 	20.50748
17300.00000 	448.46571 	0.01583 	19.99844 	20.50748
17400.00000 	451.84379 	0.01591 	19.99844 	20.50748
17500.00000 	455.25931 	0.01600 	19.99844 	20.50748
17600.00000 	458.71254 	0.01609 	19.99844 	20.50748
17700.00000 	462.18385 	0.01617 	19.99844 	20.50748
17800.00000 	465.69221 	0.01626 	19.99844 	20.50748
17900.00000 	469.25874 	0.01635 	19.99844 	20.50748
18000.00000 	472.84216 	0.01644 	19.99844 	20.50748
18100.00000 	476.46293 	0.01654 	19.99844 	20.50748
18200.00000 	480.12108 	0.01663 	19.99844 	20.50748
18300.00000 	483.81658 	0.01673 	19.99844 	20.50748
18400.00000 	487.54934 	0.01682 	19.99844 	20.50748
18500.00000 	491.31924 	0.01692 	19.99844 	20.50748
18600.00000 	495.12609 	0.01702 	19.99844 	20.50748
18700.00000 	498.99590 	0.01713 	19.99844 	20.50748
18800.00000 	502.87656 	0.01723 	19.99844 	20.50748
18900.00000 	506.82103 	0.01734 	19.99844 	20.50748
19000.00000 	510.77401 	0.01745 	19.99844 	20.50748
19100.00000 	514.79143 	0.01756 	19.99844 	20.50748
19200.00000 	518.84489 	0.01767 	19.99844 	20.50748
19300.00000 	522.96496 	0.01779 	19.99844 	20.50748
19400.00000 	527.08932 	0.01790 	19.99844 	20.50748
19500.00000 	531.28052 	0.01802 	19.99844 	20.50748
19600.00000 	535.50641 	0.01814 	19.99844 	20.50748
19700.00000 	539.80106 	0.01826 	19.99844 	20.50748
19800.00000 	544.13029 	0.01839 	19.99844 	20.50748
19900.00000 	548.49287 	0.01852 	19.99844 	20.50748
20000.00000 	552.92582 	0.01865 	19.99844 	20.50748
