%TITLE%
 IDEAL	010101/1200

   LEVEL	HGHT	TEMP	DWPT	WDIR	WSPD
------------------------------------------------------------------
%RAW%
 975.40,  0.00,  22.22,  18.89,  117.22,  7.72
 964.40,  100.00,  21.09,  18.72,  129.24,  9.62
 953.30,  200.00,  20.92,  18.43,  141.77,  12.11
 942.40,  300.00,  21.13,  18.40,  150.99,  13.68
 931.60,  400.00,  21.51,  18.48,  158.84,  15.06
 920.90,  500.00,  21.45,  18.34,  165.24,  16.33
 910.40,  600.00,  20.71,  17.84,  169.38,  17.22
 899.90,  700.00,  19.96,  17.34,  173.50,  18.17
 889.60,  800.00,  19.30,  16.76,  176.91,  19.09
 879.30,  900.00,  18.63,  16.18,  180.33,  20.08
 869.20,  1000.00,  18.03,  15.46,  183.91,  20.57
 859.10,  1100.00,  17.47,  14.65,  187.61,  20.70
 849.10,  1200.00,  16.90,  13.81,  191.41,  20.88
 839.30,  1300.00,  16.07,  12.75,  196.16,  20.59
 829.40,  1400.00,  15.24,  11.68,  200.91,  20.43
 819.70,  1500.00,  14.43,  10.68,  205.60,  20.29
 810.10,  1600.00,  13.62,  9.74,  210.24,  20.22
 800.50,  1700.00,  12.82,  8.81,  214.87,  20.24
 791.00,  1800.00,  11.83,  7.91,  215.50,  21.01
 781.60,  1900.00,  10.84,  7.01,  215.92,  21.81
 772.30,  2000.00,  9.83,  6.14,  217.28,  22.63
 763.10,  2100.00,  8.76,  5.33,  220.89,  23.52
 753.90,  2200.00,  7.70,  4.51,  224.50,  24.51
 744.80,  2300.00,  6.93,  3.83,  227.08,  25.37
 735.90,  2400.00,  6.36,  3.24,  228.90,  26.09
 726.90,  2500.00,  5.80,  2.64,  230.72,  26.84
 718.10,  2600.00,  5.30,  2.08,  231.70,  28.13
 709.40,  2700.00,  4.81,  1.53,  232.47,  29.53
 700.70,  2800.00,  4.33,  0.97,  233.23,  30.95
 692.20,  2900.00,  3.61,  0.43,  233.59,  32.25
 683.80,  3000.00,  2.87, -0.10,  233.92,  33.55
 675.30,  3100.00,  2.13, -0.64,  234.25,  34.85
 667.10,  3200.00,  1.37, -1.17,  234.66,  36.08
 658.80,  3300.00,  0.61, -1.70,  235.07,  37.32
 650.60,  3400.00, -0.15, -2.23,  235.48,  38.55
 642.60,  3500.00, -0.89, -2.69,  235.94,  39.75
 634.60,  3600.00, -1.62, -3.14,  236.41,  40.96
 626.60,  3700.00, -2.36, -3.60,  236.88,  42.16
 618.80,  3800.00, -3.03, -4.02,  237.35,  43.58
 611.10,  3900.00, -3.69, -4.43,  237.81,  45.08
 603.40,  4000.00, -4.35, -4.85,  238.28,  46.57
 595.80,  4100.00, -4.85, -5.19,  238.95,  48.01
 588.30,  4200.00, -5.22, -5.48,  239.77,  49.39
 580.80,  4300.00, -5.59, -5.77,  240.60,  50.81
 573.40,  4400.00, -5.98, -6.10,  241.37,  52.13
 566.20,  4500.00, -6.42, -6.56,  241.94,  53.20
 559.00,  4600.00, -6.86, -7.02,  242.51,  54.29
 551.80,  4700.00, -7.31, -7.47,  243.08,  55.38
 544.80,  4800.00, -7.96, -8.20,  243.35,  55.98
 537.90,  4900.00, -8.69, -9.02,  243.53,  56.41
 531.00,  5000.00, -9.42, -9.84,  243.71,  56.86
 524.10,  5100.00, -10.15, -10.67,  243.90,  57.28
 517.40,  5200.00, -10.91, -11.52,  244.13,  57.65
 510.70,  5300.00, -11.67, -12.38,  244.36,  58.02
 504.00,  5400.00, -12.43, -13.23,  244.59,  58.39
 497.50,  5500.00, -13.18, -14.09,  244.80,  58.59
 491.00,  5600.00, -13.92, -14.95,  244.97,  58.53
 484.60,  5700.00, -14.66, -15.82,  245.14,  58.47
 478.20,  5800.00, -15.40, -16.68,  245.31,  58.39
 471.90,  5900.00, -16.13, -17.53,  245.57,  58.32
 465.70,  6000.00, -16.85, -18.38,  245.92,  58.20
 459.60,  6100.00, -17.57, -19.23,  246.27,  58.10
 453.40,  6200.00, -18.28, -20.07,  246.62,  57.98
 447.40,  6300.00, -18.98, -20.90,  247.22,  58.53
 441.50,  6400.00, -19.65, -21.70,  248.14,  59.89
 435.60,  6500.00, -20.33, -22.49,  249.06,  61.27
 429.70,  6600.00, -21.00, -23.29,  249.97,  62.67
 423.80,  6700.00, -21.67, -24.08,  250.79,  63.97
 418.20,  6800.00, -22.36, -24.82,  251.20,  64.85
 412.60,  6900.00, -23.05, -25.57,  251.62,  65.74
 406.90,  7000.00, -23.74, -26.32,  252.04,  66.63
 401.30,  7100.00, -24.43, -27.07,  252.45,  67.55
 395.90,  7200.00, -25.12, -27.80,  252.73,  68.19
 390.50,  7300.00, -25.82, -28.53,  252.97,  68.79
 385.20,  7400.00, -26.51, -29.26,  253.21,  69.38
 379.80,  7500.00, -27.20, -29.99,  253.45,  69.96
 374.50,  7600.00, -27.90, -30.72,  253.66,  70.56
 369.40,  7700.00, -28.59, -31.43,  253.64,  71.18
 364.30,  7800.00, -29.28, -32.14,  253.62,  71.82
 359.30,  7900.00, -29.97, -32.85,  253.60,  72.45
 354.20,  8000.00, -30.66, -33.55,  253.59,  73.07
 349.20,  8100.00, -31.36, -34.28,  253.58,  73.69
 344.40,  8200.00, -32.11, -35.06,  253.65,  74.16
 339.60,  8300.00, -32.86, -35.84,  253.71,  74.64
 334.80,  8400.00, -33.62, -36.62,  253.78,  75.11
 329.90,  8500.00, -34.37, -37.40,  253.84,  75.60
 325.10,  8600.00, -35.12, -38.18,  253.91,  76.08
 320.60,  8700.00, -35.97, -39.08,  254.17,  76.37
 316.10,  8800.00, -36.83, -39.99,  254.44,  76.68
 311.60,  8900.00, -37.68, -40.91,  254.71,  76.98
 307.10,  9000.00, -38.54, -41.82,  254.98,  77.29
 302.50,  9100.00, -39.40, -42.73,  255.25,  77.58
 298.10,  9200.00, -40.25, -43.64,  255.44,  77.85
 293.90,  9300.00, -41.11, -44.54,  255.53,  78.05
 289.60,  9400.00, -41.96, -45.45,  255.62,  78.26
 285.40,  9500.00, -42.81, -46.36,  255.72,  78.47
 281.10,  9600.00, -43.67, -47.26,  255.81,  78.67
 276.90,  9700.00, -44.52, -48.17,  255.90,  78.88
 272.80,  9800.00, -45.38, -49.07,  256.07,  79.23
 268.80,  9900.00, -46.24, -49.98,  256.31,  79.70
 264.80,  10000.00, -47.10, -50.88,  256.55,  80.16
 260.80,  10100.00, -47.96, -51.79,  256.80,  80.63
 256.90,  10200.00, -48.82, -52.69,  257.04,  81.10
 252.90,  10300.00, -49.68, -53.60,  257.28,  81.56
 249.00,  10400.00, -50.53, -54.49,  257.46,  82.17
 245.30,  10500.00, -51.36, -55.34,  257.50,  83.10
 241.60,  10600.00, -52.19, -56.20,  257.53,  84.05
 237.90,  10700.00, -53.02, -57.05,  257.57,  84.98
 234.30,  10800.00, -53.85, -57.91,  257.61,  85.92
 230.60,  10900.00, -54.68, -58.76,  257.64,  86.85
 226.90,  11000.00, -55.51, -59.62,  257.68,  87.78
 223.40,  11100.00, -56.31, -60.45,  257.71,  88.66
 220.00,  11200.00, -57.09, -61.26,  257.74,  89.47
 216.60,  11300.00, -57.87, -62.07,  257.77,  90.29
 213.20,  11400.00, -58.64, -62.87,  257.79,  91.09
 209.80,  11500.00, -59.42, -63.68,  257.82,  91.90
 206.40,  11600.00, -60.19, -64.49,  257.85,  92.70
 203.00,  11700.00, -60.97, -65.30,  257.88,  93.52
 199.70,  11800.00, -61.62, -66.01,  257.85,  94.22
 196.70,  11900.00, -61.29, -65.90,  257.34,  94.16
 193.60,  12000.00, -60.96, -65.79,  256.84,  94.10
 190.60,  12100.00, -60.62, -65.68,  256.34,  94.04
 187.60,  12200.00, -60.29, -65.57,  255.83,  93.98
 184.60,  12300.00, -59.95, -65.46,  255.33,  93.95
 181.60,  12400.00, -59.62, -65.35,  254.83,  93.93
 178.60,  12500.00, -59.28, -65.24,  254.32,  93.91
 175.50,  12600.00, -58.95, -65.13,  253.82,  93.89
 172.90,  12700.00, -58.81, -65.29,  253.55,  93.42
 170.30,  12800.00, -58.72, -65.52,  253.33,  92.84
 167.80,  12900.00, -58.62, -65.74,  253.11,  92.27
 165.20,  13000.00, -58.53, -65.97,  252.89,  91.71
 162.60,  13100.00, -58.43, -66.20,  252.66,  91.15
 160.00,  13200.00, -58.34, -66.42,  252.44,  90.58
 157.50,  13300.00, -58.24, -66.65,  252.22,  90.02
 154.90,  13400.00, -58.15, -66.87,  252.00,  89.46
 152.30,  13500.00, -58.06, -67.10,  251.78,  88.89
 149.80,  13600.00, -57.98, -67.32,  251.59,  88.27
 147.60,  13700.00, -58.11, -67.59,  251.67,  87.03
 145.50,  13800.00, -58.24, -67.85,  251.76,  85.78
 143.30,  13900.00, -58.36, -68.12,  251.84,  84.54
 141.20,  14000.00, -58.49, -68.38,  251.93,  83.29
 139.00,  14100.00, -58.62, -68.64,  252.02,  82.05
 136.80,  14200.00, -58.74, -68.91,  252.10,  80.81
 134.70,  14300.00, -58.87, -69.17,  252.19,  79.56
 132.50,  14400.00, -59.00, -69.43,  252.27,  78.32
 130.30,  14500.00, -59.13, -69.70,  252.36,  77.07
 128.20,  14600.00, -59.25, -69.96,  252.44,  75.83
 126.00,  14700.00, -59.38, -70.23,  252.53,  74.60
 124.10,  14800.00, -59.53, -70.52,  252.60,  73.36
 122.30,  14900.00, -59.71, -70.84,  252.67,  72.12
 120.50,  15000.00, -59.89, -71.16,  252.73,  70.87
 118.70,  15100.00, -60.07, -71.48,  252.80,  69.63
 116.90,  15200.00, -60.25, -71.81,  252.86,  68.38
 115.10,  15300.00, -60.42, -72.13,  252.93,  67.14
 113.30,  15400.00, -60.60, -72.45,  252.99,  65.90
 111.60,  15500.00, -60.78, -72.77,  253.05,  64.65
 109.80,  15600.00, -60.96, -73.09,  253.12,  63.41
 108.00,  15700.00, -61.13, -73.41,  253.18,  62.16
 106.20,  15800.00, -61.31, -73.73,  253.25,  60.92
 104.40,  15900.00, -61.49, -74.06,  253.31,  59.68
 102.60,  16000.00, -61.67, -74.38,  253.38,  58.43
%END%
