997.60000 	295.70304 	14.06906
0.00000 	295.70294 	14.06906 	-0.00000 	0.00000
100.00000 	295.71174 	13.30197 	-0.00000 	2.75228
200.00000 	295.94023 	13.31197 	-0.00000 	5.49941
300.00000 	296.39474 	13.76260 	0.53615 	9.47119
400.00000 	296.85016 	14.23007 	1.07133 	11.06540
500.00000 	297.31918 	14.08220 	1.60716 	12.25718
600.00000 	297.80968 	13.75546 	2.14179 	13.22381
700.00000 	298.35476 	13.39826 	2.67836 	14.05376
800.00000 	298.96310 	13.00729 	3.21428 	14.77917
900.00000 	299.54357 	12.61765 	3.75069 	15.42104
1000.00000 	299.81722 	12.09870 	4.28603 	15.99570
1100.00000 	300.10112 	11.59958 	4.82111 	16.51902
1200.00000 	300.24042 	11.09456 	5.35714 	16.99067
1300.00000 	300.31601 	10.60269 	5.89348 	17.42154
1400.00000 	300.45359 	10.14354 	6.43012 	17.81157
1500.00000 	300.75916 	9.74697 	6.96617 	18.16644
1600.00000 	301.08581 	9.36600 	7.50121 	18.49178
1700.00000 	301.33911 	9.02780 	8.03659 	18.78698
1800.00000 	301.54984 	8.71208 	8.57059 	19.05265
1900.00000 	301.77092 	8.39512 	9.10716 	19.29248
2000.00000 	301.88448 	8.03620 	9.64395 	19.51305
2100.00000 	301.99671 	7.69049 	10.17867 	19.70393
2200.00000 	302.47429 	7.39504 	10.71483 	19.87466
2300.00000 	303.25581 	7.14467 	11.25157 	20.02549
2400.00000 	304.04053 	6.89654 	11.78548 	20.15228
2500.00000 	304.87107 	6.62151 	12.32172 	20.25770
2600.00000 	305.71655 	6.35212 	12.85877 	20.34842
2700.00000 	306.56531 	6.07887 	13.39400 	20.41370
2800.00000 	307.28397 	5.59457 	13.93227 	20.46228
2900.00000 	308.01693 	5.14901 	14.46656 	20.49247
3000.00000 	308.71874 	4.70685 	14.99974 	20.50205
3100.00000 	309.19992 	4.17429 	15.49986 	20.50192
3200.00000 	309.69229 	3.69588 	15.99965 	20.50073
3300.00000 	310.16417 	3.25467 	16.50231 	20.50274
3400.00000 	310.47657 	2.82043 	17.00144 	20.50016
3500.00000 	310.79860 	2.43856 	17.49994 	20.50429
3600.00000 	311.14627 	2.10410 	17.99834 	20.50151
3700.00000 	311.51040 	1.80910 	18.49978 	20.50286
3800.00000 	311.88948 	1.55205 	19.00088 	20.50472
3900.00000 	312.27867 	1.32700 	19.50167 	20.50025
4000.00000 	312.81264 	1.22080 	20.00202 	20.50398
4100.00000 	313.37191 	1.12328 	20.50192 	20.50192
4200.00000 	313.94547 	1.03196 	21.00133 	20.50149
4300.00000 	314.50352 	0.97732 	21.50023 	20.50304
4400.00000 	315.06053 	0.93497 	22.00220 	20.50303
4500.00000 	315.63182 	0.89434 	22.49982 	20.50200
4600.00000 	316.15513 	0.86587 	23.00040 	20.49981
4700.00000 	316.56663 	0.85680 	23.50034 	20.50066
4800.00000 	317.00754 	0.84883 	24.00321 	20.50068
4900.00000 	317.43421 	0.84087 	24.50147 	20.50095
5000.00000 	317.91283 	0.84475 	25.00257 	20.50082
5100.00000 	318.41735 	0.85181 	25.49890 	20.50164
5200.00000 	318.93635 	0.85908 	26.00156 	20.49798
5300.00000 	319.41675 	0.86483 	26.49982 	20.50356
5400.00000 	319.79188 	0.86579 	27.00029 	20.50176
5500.00000 	320.18624 	0.86627 	27.50343 	20.50043
5600.00000 	320.58886 	0.86749 	28.00151 	20.50152
5700.00000 	320.91407 	0.86247 	28.50220 	20.50354
5800.00000 	321.12978 	0.84958 	29.00128 	20.50367
5900.00000 	321.37686 	0.83713 	29.50291 	20.50505
6000.00000 	321.63043 	0.82478 	30.00282 	20.50493
6100.00000 	321.87257 	0.80830 	30.37626 	20.50448
6200.00000 	322.06391 	0.78827 	30.75496 	20.50325
6300.00000 	322.28050 	0.76877 	31.13107 	20.50378
6400.00000 	322.51037 	0.74910 	31.50455 	20.50623
6500.00000 	322.73336 	0.72980 	31.87897 	20.50524
6600.00000 	322.96605 	0.70874 	32.25071 	20.50642
6700.00000 	323.23309 	0.68846 	32.62768 	20.50701
6800.00000 	323.49284 	0.66862 	33.00554 	20.50420
6900.00000 	323.75389 	0.64875 	33.38068 	20.50382
7000.00000 	323.98514 	0.62684 	33.75307 	20.50606
7100.00000 	324.23961 	0.60637 	34.12628 	20.50514
7200.00000 	324.49892 	0.58586 	34.50470 	20.50368
7300.00000 	324.75986 	0.56605 	34.88033 	20.50511
7400.00000 	324.97592 	0.54298 	35.25674 	20.50344
7500.00000 	325.16919 	0.51919 	35.63032 	20.50490
7600.00000 	325.37620 	0.49686 	36.00464 	20.50338
7700.00000 	325.59744 	0.47498 	36.37609 	20.50524
7800.00000 	325.85822 	0.45414 	36.75273 	20.50675
7900.00000 	326.06080 	0.43328 	37.13008 	20.50536
8000.00000 	326.30269 	0.41303 	37.50452 	20.50761
8100.00000 	326.55958 	0.39405 	37.87963 	20.50708
8200.00000 	326.80569 	0.37543 	38.25539 	20.50376
8300.00000 	327.08030 	0.35774 	38.62820 	20.50440
8400.00000 	327.27654 	0.34054 	39.00619 	20.50477
8500.00000 	327.50093 	0.32413 	39.37665 	20.50692
8600.00000 	327.72685 	0.30814 	39.75585 	20.50195
8700.00000 	327.96839 	0.29320 	40.12848 	20.50827
8800.00000 	328.22613 	0.27894 	40.50527 	20.50507
8900.00000 	328.46984 	0.26573 	40.87904 	20.50641
9000.00000 	328.68582 	0.25276 	41.25337 	20.50528
9100.00000 	328.93112 	0.24065 	41.62823 	20.50168
9200.00000 	329.17845 	0.22908 	42.00466 	20.50519
9300.00000 	329.45637 	0.21804 	42.37698 	20.50409
9400.00000 	329.75153 	0.20751 	42.75445 	20.50285
9500.00000 	329.98265 	0.19663 	43.12884 	20.50676
9600.00000 	330.27619 	0.18656 	43.50372 	20.50841
9700.00000 	330.53976 	0.17671 	43.87909 	20.50779
9800.00000 	330.86809 	0.16760 	44.25492 	20.50491
9900.00000 	331.16657 	0.15888 	44.62764 	20.50755
10000.00000 	331.50650 	0.15020 	45.00081 	20.50805
10100.00000 	331.88762 	0.14161 	45.00081 	20.50805
10200.00000 	332.23661 	0.13342 	45.00081 	20.50805
10300.00000 	332.65427 	0.12573 	45.00081 	20.50805
10400.00000 	333.03987 	0.11854 	45.00081 	20.50805
10500.00000 	333.49686 	0.11166 	45.00081 	20.50805
10600.00000 	333.92191 	0.10511 	45.00081 	20.50805
10700.00000 	334.23601 	0.09892 	45.00081 	20.50805
10800.00000 	334.59186 	0.09311 	45.00081 	20.50805
10900.00000 	334.92673 	0.08758 	45.00081 	20.50805
11000.00000 	335.32087 	0.08239 	45.00081 	20.50805
11100.00000 	335.69416 	0.07747 	45.00081 	20.50805
11200.00000 	336.12960 	0.07285 	45.00081 	20.50805
11300.00000 	336.60880 	0.06892 	45.00081 	20.50805
11400.00000 	337.35802 	0.06634 	45.00081 	20.50805
11500.00000 	338.08583 	0.06382 	45.00081 	20.50805
11600.00000 	338.82041 	0.06148 	45.00081 	20.50805
11700.00000 	339.63959 	0.05917 	45.00081 	20.50805
11800.00000 	340.43758 	0.05693 	45.00081 	20.50805
11900.00000 	341.26051 	0.05478 	45.00081 	20.50805
12000.00000 	342.09354 	0.05277 	45.00081 	20.50805
12100.00000 	342.94957 	0.05085 	45.00081 	20.50805
12200.00000 	343.82800 	0.04904 	45.00081 	20.50805
12300.00000 	344.71489 	0.04729 	45.00081 	20.50805
12400.00000 	345.57474 	0.04558 	45.00081 	20.50805
12500.00000 	346.51211 	0.04396 	45.00081 	20.50805
12600.00000 	347.47667 	0.04240 	45.00081 	20.50805
12700.00000 	348.46948 	0.04084 	45.00081 	20.50805
12800.00000 	349.49167 	0.03940 	45.00081 	20.50805
12900.00000 	350.46229 	0.03796 	45.00081 	20.50805
13000.00000 	351.40949 	0.03654 	45.00081 	20.50805
13100.00000 	352.42451 	0.03514 	45.00081 	20.50805
13200.00000 	353.42326 	0.03382 	45.00081 	20.50805
13300.00000 	354.43193 	0.03256 	45.00081 	20.50805
13400.00000 	355.48501 	0.03130 	45.00081 	20.50805
13500.00000 	356.56687 	0.03013 	45.00081 	20.50805
13600.00000 	357.72723 	0.02902 	45.00081 	20.50805
13700.00000 	358.87131 	0.02790 	45.00081 	20.50805
13800.00000 	360.03059 	0.02686 	45.00081 	20.50805
13900.00000 	361.30768 	0.02588 	45.00081 	20.50805
14000.00000 	362.68331 	0.02493 	45.00081 	20.50805
14100.00000 	364.01745 	0.02404 	43.75045 	20.50352
14200.00000 	365.45463 	0.02316 	42.50036 	20.50888
14300.00000 	366.84972 	0.02233 	41.25337 	20.50528
14400.00000 	368.33544 	0.02152 	40.00268 	20.50566
14500.00000 	369.79609 	0.02075 	38.74871 	20.50773
14600.00000 	371.37076 	0.02000 	37.50001 	20.50514
14700.00000 	372.90225 	0.01926 	36.24981 	20.50916
14800.00000 	374.47045 	0.01857 	34.99770 	20.50840
14900.00000 	376.14418 	0.01790 	33.75307 	20.50606
15000.00000 	377.83549 	0.01817 	32.50047 	20.50627
15100.00000 	379.45770 	0.01885 	31.24925 	20.51131
15200.00000 	381.12894 	0.01955 	29.99924 	20.51016
15300.00000 	382.90621 	0.02031 	28.75180 	20.50846
15400.00000 	384.62570 	0.02108 	27.49986 	20.50523
15500.00000 	386.39788 	0.02188 	26.24886 	20.50785
15600.00000 	388.28531 	0.02277 	24.99899 	20.50519
15700.00000 	390.13183 	0.02365 	23.74787 	20.50585
15800.00000 	391.99780 	0.02456 	22.50005 	20.50939
15900.00000 	394.00828 	0.02555 	21.24862 	20.50523
16000.00000 	395.97624 	0.02655 	19.99844 	20.50748
16100.00000 	398.10800 	0.02763 	19.99844 	20.50748
16200.00000 	400.25642 	0.02876 	19.99844 	20.50748
16300.00000 	402.42121 	0.02993 	19.99844 	20.50748
16400.00000 	404.61386 	0.03115 	19.99844 	20.50748
16500.00000 	406.82275 	0.03242 	19.99844 	20.50748
16600.00000 	409.04752 	0.03374 	19.99844 	20.50748
16700.00000 	411.28774 	0.03512 	19.99844 	20.50748
16800.00000 	413.55592 	0.03656 	19.99844 	20.50748
16900.00000 	415.85251 	0.03806 	19.99844 	20.50748
17000.00000 	418.15064 	0.03961 	19.99844 	20.50748
17100.00000 	420.49068 	0.04124 	19.99844 	20.50748
17200.00000 	422.83105 	0.04293 	19.99844 	20.50748
17300.00000 	425.19939 	0.04470 	19.99844 	20.50748
17400.00000 	427.59604 	0.04653 	19.99844 	20.50748
17500.00000 	430.02133 	0.04845 	19.99844 	20.50748
17600.00000 	432.45977 	0.05045 	19.99844 	20.50748
17700.00000 	434.91046 	0.05253 	19.99844 	20.50748
17800.00000 	437.40572 	0.05470 	19.99844 	20.50748
17900.00000 	439.91292 	0.05696 	19.99844 	20.50748
18000.00000 	442.43099 	0.05931 	19.99844 	20.50748
18100.00000 	444.99468 	0.06177 	19.99844 	20.50748
18200.00000 	447.56866 	0.06433 	19.99844 	20.50748
18300.00000 	450.17056 	0.06700 	19.99844 	20.50748
18400.00000 	452.80046 	0.06978 	19.99844 	20.50748
18500.00000 	455.45842 	0.07269 	19.99844 	20.50748
18600.00000 	458.12403 	0.07571 	19.99844 	20.50748
18700.00000 	460.83760 	0.07887 	19.99844 	20.50748
18800.00000 	463.55767 	0.08215 	19.99844 	20.50748
18900.00000 	466.32662 	0.08559 	19.99844 	20.50748
19000.00000 	469.10069 	0.08916 	19.99844 	20.50748
19100.00000 	471.92444 	0.09290 	19.99844 	20.50748
19200.00000 	474.75169 	0.09679 	19.99844 	20.50748
19300.00000 	477.62932 	0.10086 	19.99844 	20.50748
19400.00000 	480.50852 	0.10508 	19.99844 	20.50748
19500.00000 	483.43862 	0.10951 	19.99844 	20.50748
19600.00000 	486.39465 	0.11413 	19.99844 	20.50748
19700.00000 	489.37606 	0.11894 	19.99844 	20.50748
19800.00000 	492.38225 	0.12395 	19.99844 	20.50748
19900.00000 	495.44140 	0.12921 	19.99844 	20.50748
20000.00000 	498.49584 	0.13466 	19.99844 	20.50748
