981.10000 	303.64167 	19.72783
0.00000 	303.64085 	19.72783 	-0.00000 	0.00000
100.00000 	303.64330 	20.14727 	-0.00000 	2.75228
200.00000 	304.60589 	19.09000 	-0.00000 	5.49941
300.00000 	305.42111 	18.24475 	0.53615 	9.47119
400.00000 	305.87360 	17.63525 	1.07133 	11.06540
500.00000 	306.04071 	17.16650 	1.60716 	12.25718
600.00000 	306.14678 	16.79306 	2.14179 	13.22381
700.00000 	306.29307 	16.46898 	2.67836 	14.05376
800.00000 	306.51031 	16.10984 	3.21428 	14.77917
900.00000 	306.77914 	15.65466 	3.75069 	15.42104
1000.00000 	307.11072 	14.27930 	4.28603 	15.99570
1100.00000 	307.75480 	12.68105 	4.82111 	16.51902
1200.00000 	308.76711 	11.01239 	5.35714 	16.99067
1300.00000 	309.36462 	10.09251 	5.89348 	17.42154
1400.00000 	309.89035 	8.80062 	6.43012 	17.81157
1500.00000 	310.35404 	7.74471 	6.96617 	18.16644
1600.00000 	310.89266 	7.37255 	7.50121 	18.49178
1700.00000 	311.33718 	7.19728 	8.03659 	18.78698
1800.00000 	311.67524 	6.98981 	8.57059 	19.05265
1900.00000 	312.17398 	6.85109 	9.10716 	19.29248
2000.00000 	312.68353 	6.71844 	9.64395 	19.51305
2100.00000 	313.25903 	6.60747 	10.17867 	19.70393
2200.00000 	313.57625 	6.40089 	10.71483 	19.87466
2300.00000 	313.82762 	6.17741 	11.25157 	20.02549
2400.00000 	314.16580 	5.98721 	11.78548 	20.15228
2500.00000 	314.45832 	5.78844 	12.32172 	20.25770
2600.00000 	314.73992 	5.58780 	12.85877 	20.34842
2700.00000 	314.89926 	5.35755 	13.39400 	20.41370
2800.00000 	315.04523 	5.12781 	13.93227 	20.46228
2900.00000 	315.15541 	4.89922 	14.46656 	20.49247
3000.00000 	315.25339 	4.57654 	14.99974 	20.50205
3100.00000 	315.30381 	4.12400 	15.49986 	20.50192
3200.00000 	315.61905 	3.95615 	15.99965 	20.50073
3300.00000 	315.99978 	4.17133 	16.50231 	20.50274
3400.00000 	316.60653 	4.34885 	17.00144 	20.50016
3500.00000 	317.17693 	4.44180 	17.49994 	20.50429
3600.00000 	317.72680 	4.18219 	17.99834 	20.50151
3700.00000 	318.12815 	3.99623 	18.49978 	20.50286
3800.00000 	318.26509 	3.92387 	19.00088 	20.50472
3900.00000 	318.32111 	4.02161 	19.50167 	20.50025
4000.00000 	318.33823 	4.31745 	20.00202 	20.50398
4100.00000 	318.33548 	4.26873 	20.50192 	20.50192
4200.00000 	318.44297 	3.98508 	21.00133 	20.50149
4300.00000 	318.54552 	3.71793 	21.50023 	20.50304
4400.00000 	318.67399 	3.46763 	22.00220 	20.50303
4500.00000 	318.81355 	3.23263 	22.49982 	20.50200
4600.00000 	318.94857 	3.01158 	23.00040 	20.49981
4700.00000 	319.11117 	2.80477 	23.50034 	20.50066
4800.00000 	319.28597 	2.61087 	24.00321 	20.50068
4900.00000 	319.40444 	2.49765 	24.50147 	20.50095
5000.00000 	319.53318 	2.39869 	25.00257 	20.50082
5100.00000 	319.68954 	2.30382 	25.49890 	20.50164
5200.00000 	319.85198 	2.21206 	26.00156 	20.49798
5300.00000 	320.01374 	2.12198 	26.49982 	20.50356
5400.00000 	320.19919 	2.03702 	27.00029 	20.50176
5500.00000 	320.38461 	1.95527 	27.50343 	20.50043
5600.00000 	320.58242 	1.87504 	28.00151 	20.50152
5700.00000 	320.80525 	1.79941 	28.50220 	20.50354
5800.00000 	321.02914 	1.72668 	29.00128 	20.50367
5900.00000 	321.26670 	1.65672 	29.50291 	20.50505
6000.00000 	321.53078 	1.58811 	30.00282 	20.50493
6100.00000 	321.86972 	1.51244 	30.37626 	20.50448
6200.00000 	322.26130 	1.42376 	30.75496 	20.50325
6300.00000 	322.68652 	1.34015 	31.13107 	20.50378
6400.00000 	323.13881 	1.26103 	31.50455 	20.50623
6500.00000 	323.59361 	1.18725 	31.87897 	20.50524
6600.00000 	324.06390 	1.11645 	32.25071 	20.50642
6700.00000 	324.55021 	1.04953 	32.62768 	20.50701
6800.00000 	325.03518 	0.96134 	33.00554 	20.50420
6900.00000 	325.50850 	0.85250 	33.38068 	20.50382
7000.00000 	326.00611 	0.75509 	33.75307 	20.50606
7100.00000 	326.51958 	0.66847 	34.12628 	20.50514
7200.00000 	327.04943 	0.59038 	34.50470 	20.50368
7300.00000 	327.57285 	0.52050 	34.88033 	20.50511
7400.00000 	328.01110 	0.47018 	35.25674 	20.50344
7500.00000 	328.27536 	0.44039 	35.63032 	20.50490
7600.00000 	328.57749 	0.41204 	36.00464 	20.50338
7700.00000 	328.88269 	0.38565 	36.37609 	20.50524
7800.00000 	329.18915 	0.36046 	36.75273 	20.50675
7900.00000 	329.53598 	0.33687 	37.13008 	20.50536
8000.00000 	329.87312 	0.31495 	37.50452 	20.50761
8100.00000 	330.22620 	0.29404 	37.87963 	20.50708
8200.00000 	330.60925 	0.27469 	38.25539 	20.50376
8300.00000 	330.96898 	0.25864 	38.62820 	20.50440
8400.00000 	331.09992 	0.25224 	39.00619 	20.50477
8500.00000 	331.27125 	0.24608 	39.37665 	20.50692
8600.00000 	331.42809 	0.24001 	39.75585 	20.50195
8700.00000 	331.62699 	0.23417 	40.12848 	20.50827
8800.00000 	331.81156 	0.22843 	40.50527 	20.50507
8900.00000 	332.03998 	0.22290 	40.87904 	20.50641
9000.00000 	332.25426 	0.21746 	41.25337 	20.50528
9100.00000 	332.51435 	0.21202 	41.62823 	20.50168
9200.00000 	332.76053 	0.20687 	42.00466 	20.50519
9300.00000 	333.05465 	0.20194 	42.37698 	20.50409
9400.00000 	333.33516 	0.19708 	42.75445 	20.50285
9500.00000 	333.66591 	0.19242 	43.12884 	20.50676
9600.00000 	333.97900 	0.18636 	43.50372 	20.50841
9700.00000 	334.24844 	0.17640 	43.87909 	20.50779
9800.00000 	334.53343 	0.16694 	44.25492 	20.50491
9900.00000 	334.86893 	0.15802 	44.62764 	20.50755
10000.00000 	335.18724 	0.14949 	45.00081 	20.50805
10100.00000 	335.52286 	0.14140 	45.00081 	20.50805
10200.00000 	335.87643 	0.13372 	45.00081 	20.50805
10300.00000 	336.28529 	0.12648 	45.00081 	20.50805
10400.00000 	336.67742 	0.11956 	45.00081 	20.50805
10500.00000 	337.14047 	0.11031 	45.00081 	20.50805
10600.00000 	337.72506 	0.09678 	45.00081 	20.50805
10700.00000 	338.32973 	0.08477 	45.00081 	20.50805
10800.00000 	338.97021 	0.07423 	45.00081 	20.50805
10900.00000 	339.65794 	0.06485 	45.00081 	20.50805
11000.00000 	340.34738 	0.05720 	45.00081 	20.50805
11100.00000 	341.04752 	0.05098 	45.00081 	20.50805
11200.00000 	341.78489 	0.04539 	45.00081 	20.50805
11300.00000 	342.54518 	0.04036 	45.00081 	20.50805
11400.00000 	343.25422 	0.03633 	45.00081 	20.50805
11500.00000 	343.92559 	0.03328 	45.00081 	20.50805
11600.00000 	344.61889 	0.03051 	45.00081 	20.50805
11700.00000 	345.38157 	0.02793 	45.00081 	20.50805
11800.00000 	346.01201 	0.02552 	45.00081 	20.50805
11900.00000 	346.42783 	0.02318 	45.00081 	20.50805
12000.00000 	346.84765 	0.02104 	45.00081 	20.50805
12100.00000 	347.28789 	0.01908 	45.00081 	20.50805
12200.00000 	347.76525 	0.01730 	45.00081 	20.50805
12300.00000 	348.24878 	0.01567 	45.00081 	20.50805
12400.00000 	348.77128 	0.01418 	45.00081 	20.50805
12500.00000 	349.42583 	0.01391 	45.00081 	20.50805
12600.00000 	350.11538 	0.01392 	45.00081 	20.50805
12700.00000 	350.82903 	0.01393 	45.00081 	20.50805
12800.00000 	351.56770 	0.01396 	45.00081 	20.50805
12900.00000 	352.48876 	0.01398 	45.00081 	20.50805
13000.00000 	353.63497 	0.01399 	45.00081 	20.50805
13100.00000 	354.75124 	0.01400 	45.00081 	20.50805
13200.00000 	356.06283 	0.01468 	45.00081 	20.50805
13300.00000 	357.37705 	0.01463 	45.00081 	20.50805
13400.00000 	358.78483 	0.01457 	45.00081 	20.50805
13500.00000 	360.13112 	0.01456 	45.00081 	20.50805
13600.00000 	361.52470 	0.01455 	45.00081 	20.50805
13700.00000 	362.94989 	0.01455 	45.00081 	20.50805
13800.00000 	364.40786 	0.01454 	45.00081 	20.50805
13900.00000 	365.72661 	0.01446 	45.00081 	20.50805
14000.00000 	366.97098 	0.01430 	45.00081 	20.50805
14100.00000 	368.30023 	0.01416 	43.75045 	20.50352
14200.00000 	369.60619 	0.01402 	42.50036 	20.50888
14300.00000 	370.92649 	0.01388 	41.25337 	20.50528
14400.00000 	372.31497 	0.01376 	40.00268 	20.50566
14500.00000 	373.66904 	0.01372 	38.74871 	20.50773
14600.00000 	375.03571 	0.01367 	37.50001 	20.50514
14700.00000 	376.43371 	0.01360 	36.24981 	20.50916
14800.00000 	377.79875 	0.01356 	34.99770 	20.50840
14900.00000 	379.26137 	0.01350 	33.75307 	20.50606
15000.00000 	380.75896 	0.01346 	32.50047 	20.50627
15100.00000 	382.31109 	0.01344 	31.24925 	20.51131
15200.00000 	383.88292 	0.01339 	29.99924 	20.51016
15300.00000 	385.38321 	0.01333 	28.75180 	20.50846
15400.00000 	386.65787 	0.01320 	27.49986 	20.50523
15500.00000 	387.96242 	0.01305 	26.24886 	20.50785
15600.00000 	389.29795 	0.01292 	24.99899 	20.50519
15700.00000 	390.66563 	0.01278 	23.74787 	20.50585
15800.00000 	392.06667 	0.01266 	22.50005 	20.50939
15900.00000 	393.52122 	0.01255 	21.24862 	20.50523
16000.00000 	394.99298 	0.01243 	19.99844 	20.50748
16100.00000 	396.64295 	0.01232 	19.99844 	20.50748
16200.00000 	398.29379 	0.01223 	19.99844 	20.50748
16300.00000 	399.96710 	0.01212 	19.99844 	20.50748
16400.00000 	401.65170 	0.01202 	19.99844 	20.50748
16500.00000 	403.35905 	0.01193 	19.99844 	20.50748
16600.00000 	405.06528 	0.01182 	19.99844 	20.50748
16700.00000 	406.79392 	0.01174 	19.99844 	20.50748
16800.00000 	408.54533 	0.01163 	19.99844 	20.50748
16900.00000 	410.29387 	0.01155 	19.99844 	20.50748
17000.00000 	412.07796 	0.01145 	19.99844 	20.50748
17100.00000 	413.85800 	0.01136 	19.99844 	20.50748
17200.00000 	415.66027 	0.01127 	19.99844 	20.50748
17300.00000 	417.48504 	0.01118 	19.99844 	20.50748
17400.00000 	419.31795 	0.01109 	19.99844 	20.50748
17500.00000 	421.17318 	0.01101 	19.99844 	20.50748
17600.00000 	423.03563 	0.01091 	19.99844 	20.50748
17700.00000 	424.92009 	0.01083 	19.99844 	20.50748
17800.00000 	426.82674 	0.01074 	19.99844 	20.50748
17900.00000 	428.73927 	0.01066 	19.99844 	20.50748
18000.00000 	430.67348 	0.01057 	19.99844 	20.50748
18100.00000 	432.62946 	0.01050 	19.99844 	20.50748
18200.00000 	434.58960 	0.01041 	19.99844 	20.50748
18300.00000 	436.58889 	0.01034 	19.99844 	20.50748
18400.00000 	438.59152 	0.01025 	19.99844 	20.50748
18500.00000 	440.61515 	0.01018 	19.99844 	20.50748
18600.00000 	442.65971 	0.01009 	19.99844 	20.50748
18700.00000 	444.70512 	0.01002 	19.99844 	20.50748
18800.00000 	446.79074 	0.00994 	19.99844 	20.50748
18900.00000 	448.89691 	0.00987 	19.99844 	20.50748
19000.00000 	451.00188 	0.00978 	19.99844 	20.50748
19100.00000 	453.14795 	0.00972 	19.99844 	20.50748
19200.00000 	455.29118 	0.00964 	19.99844 	20.50748
19300.00000 	457.47595 	0.00957 	19.99844 	20.50748
19400.00000 	459.67980 	0.00949 	19.99844 	20.50748
19500.00000 	461.90228 	0.00943 	19.99844 	20.50748
19600.00000 	464.11782 	0.00935 	19.99844 	20.50748
19700.00000 	466.40110 	0.00929 	19.99844 	20.50748
19800.00000 	468.67625 	0.00921 	19.99844 	20.50748
19900.00000 	470.96764 	0.00915 	19.99844 	20.50748
20000.00000 	473.30231 	0.00908 	19.99844 	20.50748
