890.60000 	305.84342 	13.66148
0.00000 	305.83838 	13.66148 	-0.00000 	0.00000
100.00000 	305.84109 	15.43429 	-0.00000 	2.75228
200.00000 	306.59079 	15.55670 	-0.00000 	5.49941
300.00000 	307.33351 	15.56597 	0.53615 	9.47119
400.00000 	308.23609 	15.28345 	1.07133 	11.06540
500.00000 	309.04817 	14.98341 	1.60716 	12.25718
600.00000 	309.63146 	14.62995 	2.14179 	13.22381
700.00000 	309.93091 	14.33249 	2.67836 	14.05376
800.00000 	309.93269 	14.31109 	3.21428 	14.77917
900.00000 	310.02815 	13.68619 	3.75069 	15.42104
1000.00000 	310.12179 	13.00620 	4.28603 	15.99570
1100.00000 	310.23491 	12.38905 	4.82111 	16.51902
1200.00000 	310.35754 	11.77492 	5.35714 	16.99067
1300.00000 	310.48916 	11.03572 	5.89348 	17.42154
1400.00000 	310.78134 	10.48761 	6.43012 	17.81157
1500.00000 	311.09435 	9.97691 	6.96617 	18.16644
1600.00000 	311.59180 	9.46802 	7.50121 	18.49178
1700.00000 	312.49546 	8.93912 	8.03659 	18.78698
1800.00000 	313.31300 	8.55418 	8.57059 	19.05265
1900.00000 	313.92342 	8.20076 	9.10716 	19.29248
2000.00000 	314.40348 	7.92805 	9.64395 	19.51305
2100.00000 	314.76132 	7.80032 	10.17867 	19.70393
2200.00000 	314.99555 	7.44754 	10.71483 	19.87466
2300.00000 	315.21637 	6.91186 	11.25157 	20.02549
2400.00000 	315.44810 	6.22747 	11.78548 	20.15228
2500.00000 	315.68872 	5.50562 	12.32172 	20.25770
2600.00000 	315.84793 	4.96894 	12.85877 	20.34842
2700.00000 	315.94734 	4.56399 	13.39400 	20.41370
2800.00000 	316.14794 	4.27873 	13.93227 	20.46228
2900.00000 	316.25433 	4.14552 	14.46656 	20.49247
3000.00000 	316.31110 	4.07739 	14.99974 	20.50205
3100.00000 	316.53885 	3.84240 	15.49986 	20.50192
3200.00000 	316.68283 	3.71244 	15.99965 	20.50073
3300.00000 	316.77664 	3.65041 	16.50231 	20.50274
3400.00000 	316.95879 	3.33626 	17.00144 	20.50016
3500.00000 	317.13686 	3.04850 	17.49994 	20.50429
3600.00000 	317.34190 	2.78151 	17.99834 	20.50151
3700.00000 	317.57424 	2.47647 	18.49978 	20.50286
3800.00000 	317.85704 	2.13044 	19.00088 	20.50472
3900.00000 	318.15182 	1.83002 	19.50167 	20.50025
4000.00000 	318.44247 	1.56665 	20.00202 	20.50398
4100.00000 	318.76214 	1.33928 	20.50192 	20.50192
4200.00000 	319.09495 	1.14107 	21.00133 	20.50149
4300.00000 	319.44134 	0.97054 	21.50023 	20.50304
4400.00000 	319.78972 	0.82259 	22.00220 	20.50303
4500.00000 	320.26925 	0.63508 	22.49982 	20.50200
4600.00000 	320.76844 	0.48677 	23.00040 	20.49981
4700.00000 	321.29448 	0.37019 	23.50034 	20.50066
4800.00000 	321.82357 	0.27953 	24.00321 	20.50068
4900.00000 	322.15846 	0.26014 	24.50147 	20.50095
5000.00000 	322.43810 	0.25285 	25.00257 	20.50082
5100.00000 	322.74947 	0.24582 	25.49890 	20.50164
5200.00000 	323.06710 	0.23893 	26.00156 	20.49798
5300.00000 	323.38567 	0.23225 	26.49982 	20.50356
5400.00000 	323.75053 	0.22557 	27.00029 	20.50176
5500.00000 	324.09733 	0.21927 	27.50343 	20.50043
5600.00000 	324.49205 	0.21320 	28.00151 	20.50152
5700.00000 	324.86899 	0.20726 	28.50220 	20.50354
5800.00000 	325.18904 	0.20486 	29.00128 	20.50367
5900.00000 	325.50126 	0.20372 	29.50291 	20.50505
6000.00000 	325.82709 	0.20241 	30.00282 	20.50493
6100.00000 	326.16697 	0.20134 	30.37626 	20.50448
6200.00000 	326.52136 	0.20030 	30.75496 	20.50325
6300.00000 	326.89076 	0.19910 	31.13107 	20.50378
6400.00000 	327.28864 	0.19814 	31.50455 	20.50623
6500.00000 	327.68966 	0.19701 	31.87897 	20.50524
6600.00000 	328.12255 	0.19587 	32.25071 	20.50642
6700.00000 	328.57995 	0.19416 	32.62768 	20.50701
6800.00000 	329.07721 	0.19254 	33.00554 	20.50420
6900.00000 	329.59091 	0.19096 	33.38068 	20.50382
7000.00000 	330.09616 	0.18918 	33.75307 	20.50606
7100.00000 	330.64402 	0.18769 	34.12628 	20.50514
7200.00000 	331.23734 	0.18599 	34.50470 	20.50368
7300.00000 	331.83625 	0.18360 	34.88033 	20.50511
7400.00000 	332.46575 	0.18150 	35.25674 	20.50344
7500.00000 	333.12712 	0.17927 	35.63032 	20.50490
7600.00000 	333.77961 	0.17722 	36.00464 	20.50338
7700.00000 	334.36789 	0.17517 	36.37609 	20.50524
7800.00000 	334.93171 	0.17311 	36.75273 	20.50675
7900.00000 	335.52696 	0.17129 	37.13008 	20.50536
8000.00000 	336.12678 	0.16933 	37.50452 	20.50761
8100.00000 	336.74550 	0.16742 	37.87963 	20.50708
8200.00000 	337.15234 	0.16135 	38.25539 	20.50376
8300.00000 	337.50544 	0.15349 	38.62820 	20.50440
8400.00000 	337.88875 	0.14615 	39.00619 	20.50477
8500.00000 	338.27481 	0.13914 	39.37665 	20.50692
8600.00000 	338.64558 	0.13226 	39.75585 	20.50195
8700.00000 	339.08059 	0.12589 	40.12848 	20.50827
8800.00000 	339.52004 	0.11968 	40.50527 	20.50507
8900.00000 	339.94454 	0.11371 	40.87904 	20.50641
9000.00000 	340.18294 	0.10683 	41.25337 	20.50528
9100.00000 	340.43678 	0.10034 	41.62823 	20.50168
9200.00000 	340.68533 	0.09418 	42.00466 	20.50519
9300.00000 	340.97121 	0.08841 	42.37698 	20.50409
9400.00000 	341.28884 	0.08296 	42.75445 	20.50285
9500.00000 	341.57224 	0.07781 	43.12884 	20.50676
9600.00000 	341.92566 	0.07298 	43.50372 	20.50841
9700.00000 	342.28352 	0.06843 	43.87909 	20.50779
9800.00000 	342.63681 	0.06412 	44.25492 	20.50491
9900.00000 	343.03455 	0.06009 	44.62764 	20.50755
10000.00000 	343.42625 	0.05607 	45.00081 	20.50805
10100.00000 	343.83597 	0.05224 	45.00081 	20.50805
10200.00000 	344.26436 	0.04865 	45.00081 	20.50805
10300.00000 	344.71211 	0.04535 	45.00081 	20.50805
10400.00000 	345.17995 	0.04221 	45.00081 	20.50805
10500.00000 	345.66863 	0.03927 	45.00081 	20.50805
10600.00000 	346.11876 	0.03683 	45.00081 	20.50805
10700.00000 	346.54416 	0.03486 	45.00081 	20.50805
10800.00000 	346.94335 	0.03302 	45.00081 	20.50805
10900.00000 	347.40885 	0.03124 	45.00081 	20.50805
11000.00000 	347.83243 	0.02955 	45.00081 	20.50805
11100.00000 	348.29241 	0.02794 	45.00081 	20.50805
11200.00000 	348.82348 	0.02646 	45.00081 	20.50805
11300.00000 	349.22767 	0.02422 	45.00081 	20.50805
11400.00000 	349.66771 	0.02196 	45.00081 	20.50805
11500.00000 	350.12853 	0.01989 	45.00081 	20.50805
11600.00000 	350.61096 	0.01800 	45.00081 	20.50805
11700.00000 	351.11583 	0.01631 	45.00081 	20.50805
11800.00000 	351.64403 	0.01474 	45.00081 	20.50805
11900.00000 	352.51590 	0.01394 	45.00081 	20.50805
12000.00000 	353.81640 	0.01395 	45.00081 	20.50805
12100.00000 	355.09733 	0.01480 	45.00081 	20.50805
12200.00000 	356.08501 	0.02199 	45.00081 	20.50805
12300.00000 	357.09956 	0.03234 	45.00081 	20.50805
12400.00000 	358.14199 	0.04711 	45.00081 	20.50805
12500.00000 	359.18434 	0.06130 	45.00081 	20.50805
12600.00000 	360.33884 	0.05893 	45.00081 	20.50805
12700.00000 	361.45818 	0.05669 	45.00081 	20.50805
12800.00000 	362.60594 	0.05454 	45.00081 	20.50805
12900.00000 	363.85073 	0.05244 	45.00081 	20.50805
13000.00000 	365.04282 	0.05046 	45.00081 	20.50805
13100.00000 	365.88504 	0.04879 	45.00081 	20.50805
13200.00000 	366.75256 	0.04712 	45.00081 	20.50805
13300.00000 	367.66373 	0.04556 	45.00081 	20.50805
13400.00000 	368.58486 	0.04401 	45.00081 	20.50805
13500.00000 	369.53432 	0.04256 	45.00081 	20.50805
13600.00000 	370.51322 	0.04112 	45.00081 	20.50805
13700.00000 	371.52275 	0.03972 	45.00081 	20.50805
13800.00000 	372.60870 	0.03870 	45.00081 	20.50805
13900.00000 	373.67007 	0.03779 	45.00081 	20.50805
14000.00000 	374.75857 	0.03696 	45.00081 	20.50805
14100.00000 	375.87518 	0.03616 	43.75045 	20.50352
14200.00000 	377.10710 	0.03540 	42.50036 	20.50888
14300.00000 	378.28483 	0.03464 	41.25337 	20.50528
14400.00000 	379.49406 	0.03390 	40.00268 	20.50566
14500.00000 	380.73603 	0.03318 	38.74871 	20.50773
14600.00000 	382.10538 	0.03250 	37.50001 	20.50514
14700.00000 	383.41877 	0.03183 	36.24981 	20.50916
14800.00000 	384.76911 	0.03117 	34.99770 	20.50840
14900.00000 	386.50254 	0.03043 	33.75307 	20.50606
15000.00000 	388.22791 	0.02973 	32.50047 	20.50627
15100.00000 	390.11032 	0.02908 	31.24925 	20.51131
15200.00000 	391.90841 	0.02842 	29.99924 	20.51016
15300.00000 	393.85180 	0.02777 	28.75180 	20.50846
15400.00000 	395.72816 	0.02715 	27.49986 	20.50523
15500.00000 	397.77695 	0.02657 	26.24886 	20.50785
15600.00000 	399.73799 	0.02595 	24.99899 	20.50519
15700.00000 	401.68182 	0.02533 	23.74787 	20.50585
15800.00000 	403.68191 	0.02472 	22.50005 	20.50939
15900.00000 	405.72020 	0.02410 	21.24862 	20.50523
16000.00000 	407.77837 	0.02354 	19.99844 	20.50748
16100.00000 	410.15974 	0.02304 	19.99844 	20.50748
16200.00000 	412.57052 	0.02256 	19.99844 	20.50748
16300.00000 	414.99766 	0.02208 	19.99844 	20.50748
16400.00000 	417.45444 	0.02161 	19.99844 	20.50748
16500.00000 	419.92709 	0.02116 	19.99844 	20.50748
16600.00000 	422.42951 	0.02071 	19.99844 	20.50748
16700.00000 	424.94717 	0.02027 	19.99844 	20.50748
16800.00000 	427.49460 	0.01983 	19.99844 	20.50748
16900.00000 	430.05646 	0.01941 	19.99844 	20.50748
17000.00000 	432.64796 	0.01899 	19.99844 	20.50748
17100.00000 	435.26941 	0.01859 	19.99844 	20.50748
17200.00000 	437.90413 	0.01818 	19.99844 	20.50748
17300.00000 	440.56845 	0.01779 	19.99844 	20.50748
17400.00000 	443.26258 	0.01741 	19.99844 	20.50748
17500.00000 	445.96840 	0.01703 	19.99844 	20.50748
17600.00000 	448.72219 	0.01666 	19.99844 	20.50748
17700.00000 	451.48701 	0.01629 	19.99844 	20.50748
17800.00000 	454.28121 	0.01594 	19.99844 	20.50748
17900.00000 	457.10484 	0.01559 	19.99844 	20.50748
18000.00000 	459.95791 	0.01525 	19.99844 	20.50748
18100.00000 	462.84040 	0.01491 	19.99844 	20.50748
18200.00000 	465.75223 	0.01459 	19.99844 	20.50748
18300.00000 	468.67075 	0.01426 	19.99844 	20.50748
18400.00000 	471.64031 	0.01395 	19.99844 	20.50748
18500.00000 	474.63876 	0.01364 	19.99844 	20.50748
18600.00000 	477.66583 	0.01333 	19.99844 	20.50748
18700.00000 	480.72121 	0.01304 	19.99844 	20.50748
18800.00000 	483.80453 	0.01275 	19.99844 	20.50748
18900.00000 	486.91535 	0.01246 	19.99844 	20.50748
19000.00000 	490.05317 	0.01218 	19.99844 	20.50748
19100.00000 	493.24541 	0.01191 	19.99844 	20.50748
19200.00000 	496.46495 	0.01164 	19.99844 	20.50748
19300.00000 	499.68148 	0.01137 	19.99844 	20.50748
19400.00000 	502.98308 	0.01112 	19.99844 	20.50748
19500.00000 	506.28002 	0.01087 	19.99844 	20.50748
19600.00000 	509.63312 	0.01062 	19.99844 	20.50748
19700.00000 	513.01093 	0.01038 	19.99844 	20.50748
19800.00000 	516.41230 	0.01014 	19.99844 	20.50748
19900.00000 	519.87101 	0.00991 	19.99844 	20.50748
20000.00000 	523.35264 	0.00968 	19.99844 	20.50748
