968.10000 	302.71241 	19.30238
0.00000 	302.71101 	19.30238 	-0.00000 	0.00000
100.00000 	302.71081 	19.40312 	-0.00000 	2.75228
200.00000 	302.75912 	19.39532 	-0.00000 	5.49941
300.00000 	303.01040 	17.98907 	0.53615 	9.47119
400.00000 	303.13939 	17.19926 	1.07133 	11.06540
500.00000 	303.12428 	17.14579 	1.60716 	12.25718
600.00000 	303.12825 	17.10352 	2.14179 	13.22381
700.00000 	303.77095 	17.05031 	2.67836 	14.05376
800.00000 	304.41578 	16.97715 	3.21428 	14.77917
900.00000 	304.92872 	16.86931 	3.75069 	15.42104
1000.00000 	305.86041 	16.68568 	4.28603 	15.99570
1100.00000 	306.49300 	16.36401 	4.82111 	16.51902
1200.00000 	307.22232 	15.92166 	5.35714 	16.99067
1300.00000 	308.60739 	15.29688 	5.89348 	17.42154
1400.00000 	309.39720 	14.42353 	6.43012 	17.81157
1500.00000 	310.00978 	13.34275 	6.96617 	18.16644
1600.00000 	310.53896 	12.03895 	7.50121 	18.49178
1700.00000 	311.07985 	10.22449 	8.03659 	18.78698
1800.00000 	311.67587 	8.09435 	8.57059 	19.05265
1900.00000 	312.36935 	6.74593 	9.10716 	19.29248
2000.00000 	312.72049 	6.30626 	9.64395 	19.51305
2100.00000 	312.95129 	6.08095 	10.17867 	19.70393
2200.00000 	313.04050 	5.80829 	10.71483 	19.87466
2300.00000 	313.34620 	5.61592 	11.25157 	20.02549
2400.00000 	313.68251 	5.44400 	11.78548 	20.15228
2500.00000 	313.73413 	5.18506 	12.32172 	20.25770
2600.00000 	314.12386 	5.03604 	12.85877 	20.34842
2700.00000 	314.85505 	4.99280 	13.39400 	20.41370
2800.00000 	315.54337 	4.93876 	13.93227 	20.46228
2900.00000 	316.16795 	4.86045 	14.46656 	20.49247
3000.00000 	316.40077 	4.67314 	14.99974 	20.50205
3100.00000 	316.55501 	4.25286 	15.49986 	20.50192
3200.00000 	316.61649 	3.22611 	15.99965 	20.50073
3300.00000 	316.62916 	2.22208 	16.50231 	20.50274
3400.00000 	316.65150 	1.84064 	17.00144 	20.50016
3500.00000 	317.46127 	1.89833 	17.49994 	20.50429
3600.00000 	318.22932 	1.96924 	17.99834 	20.50151
3700.00000 	318.58674 	2.08788 	18.49978 	20.50286
3800.00000 	319.15145 	2.20111 	19.00088 	20.50472
3900.00000 	320.08014 	2.29931 	19.50167 	20.50025
4000.00000 	320.40166 	2.33170 	20.00202 	20.50398
4100.00000 	320.41894 	2.29508 	20.50192 	20.50192
4200.00000 	320.44642 	2.25922 	21.00133 	20.50149
4300.00000 	320.45299 	2.21075 	21.50023 	20.50304
4400.00000 	320.43781 	2.15037 	22.00220 	20.50303
4500.00000 	320.44834 	2.09372 	22.49982 	20.50200
4600.00000 	320.50006 	2.03656 	23.00040 	20.49981
4700.00000 	320.81562 	1.98132 	23.50034 	20.50066
4800.00000 	321.11563 	1.92725 	24.00321 	20.50068
4900.00000 	321.44562 	1.87503 	24.50147 	20.50095
5000.00000 	321.81624 	1.81532 	25.00257 	20.50082
5100.00000 	322.25452 	1.75418 	25.49890 	20.50164
5200.00000 	322.69425 	1.69361 	26.00156 	20.49798
5300.00000 	323.14194 	1.63610 	26.49982 	20.50356
5400.00000 	323.60957 	1.57945 	27.00029 	20.50176
5500.00000 	324.09193 	1.52600 	27.50343 	20.50043
5600.00000 	324.60171 	1.47304 	28.00151 	20.50152
5700.00000 	324.92153 	1.42651 	28.50220 	20.50354
5800.00000 	325.22941 	1.38380 	29.00128 	20.50367
5900.00000 	325.51830 	1.34208 	29.50291 	20.50505
6000.00000 	325.85211 	1.30075 	30.00282 	20.50493
6100.00000 	326.16711 	1.26150 	30.37626 	20.50448
6200.00000 	326.52854 	1.22371 	30.75496 	20.50325
6300.00000 	326.87138 	1.18678 	31.13107 	20.50378
6400.00000 	327.26225 	1.15022 	31.50455 	20.50623
6500.00000 	327.63482 	1.11552 	31.87897 	20.50524
6600.00000 	327.82212 	1.06654 	32.25071 	20.50642
6700.00000 	327.87081 	1.01226 	32.62768 	20.50701
6800.00000 	327.95185 	0.96075 	33.00554 	20.50420
6900.00000 	328.02159 	0.91061 	33.38068 	20.50382
7000.00000 	328.10221 	0.86368 	33.75307 	20.50606
7100.00000 	328.21708 	0.81843 	34.12628 	20.50514
7200.00000 	328.33384 	0.77590 	34.50470 	20.50368
7300.00000 	328.47330 	0.73560 	34.88033 	20.50511
7400.00000 	328.60185 	0.69641 	35.25674 	20.50344
7500.00000 	328.76753 	0.65995 	35.63032 	20.50490
7600.00000 	328.92253 	0.62510 	36.00464 	20.50338
7700.00000 	329.11627 	0.59155 	36.37609 	20.50524
7800.00000 	329.29960 	0.56007 	36.75273 	20.50675
7900.00000 	329.52341 	0.52978 	37.13008 	20.50536
8000.00000 	329.73713 	0.50136 	37.50452 	20.50761
8100.00000 	329.99324 	0.47450 	37.87963 	20.50708
8200.00000 	330.23964 	0.44843 	38.25539 	20.50376
8300.00000 	330.53049 	0.42423 	38.62820 	20.50440
8400.00000 	330.81208 	0.40114 	39.00619 	20.50477
8500.00000 	331.03902 	0.37192 	39.37665 	20.50692
8600.00000 	331.23755 	0.34203 	39.75585 	20.50195
8700.00000 	331.45024 	0.31434 	40.12848 	20.50827
8800.00000 	331.64808 	0.28863 	40.50527 	20.50507
8900.00000 	331.89015 	0.26492 	40.87904 	20.50641
9000.00000 	332.14791 	0.24301 	41.25337 	20.50528
9100.00000 	332.39109 	0.22270 	41.62823 	20.50168
9200.00000 	332.69556 	0.20401 	42.00466 	20.50519
9300.00000 	333.00349 	0.18677 	42.37698 	20.50409
9400.00000 	333.32956 	0.17087 	42.75445 	20.50285
9500.00000 	333.64158 	0.15617 	43.12884 	20.50676
9600.00000 	334.04359 	0.14596 	43.50372 	20.50841
9700.00000 	334.51631 	0.14403 	43.87909 	20.50779
9800.00000 	335.04121 	0.14235 	44.25492 	20.50491
9900.00000 	335.55049 	0.14051 	44.62764 	20.50755
10000.00000 	336.11439 	0.13877 	45.00081 	20.50805
10100.00000 	336.66293 	0.13717 	45.00081 	20.50805
10200.00000 	337.29772 	0.12953 	45.00081 	20.50805
10300.00000 	338.05646 	0.11797 	45.00081 	20.50805
10400.00000 	338.79953 	0.10732 	45.00081 	20.50805
10500.00000 	339.54970 	0.09767 	45.00081 	20.50805
10600.00000 	340.03463 	0.08855 	45.00081 	20.50805
10700.00000 	340.32873 	0.08021 	45.00081 	20.50805
10800.00000 	340.61503 	0.07266 	45.00081 	20.50805
10900.00000 	340.91868 	0.06568 	45.00081 	20.50805
11000.00000 	341.24030 	0.05933 	45.00081 	20.50805
11100.00000 	341.60801 	0.05356 	45.00081 	20.50805
11200.00000 	341.96831 	0.04830 	45.00081 	20.50805
11300.00000 	342.34876 	0.04351 	45.00081 	20.50805
11400.00000 	342.79504 	0.03923 	45.00081 	20.50805
11500.00000 	343.05100 	0.03846 	45.00081 	20.50805
11600.00000 	343.32475 	0.03953 	45.00081 	20.50805
11700.00000 	343.55422 	0.04067 	45.00081 	20.50805
11800.00000 	343.86474 	0.04182 	45.00081 	20.50805
11900.00000 	344.19514 	0.04301 	45.00081 	20.50805
12000.00000 	344.48091 	0.04428 	45.00081 	20.50805
12100.00000 	344.85257 	0.04556 	45.00081 	20.50805
12200.00000 	345.19541 	0.04693 	45.00081 	20.50805
12300.00000 	345.59569 	0.04831 	45.00081 	20.50805
12400.00000 	345.98319 	0.04973 	45.00081 	20.50805
12500.00000 	347.10297 	0.04992 	45.00081 	20.50805
12600.00000 	348.24611 	0.04991 	45.00081 	20.50805
12700.00000 	349.51649 	0.05004 	45.00081 	20.50805
12800.00000 	350.95802 	0.05009 	45.00081 	20.50805
12900.00000 	352.36512 	0.05016 	45.00081 	20.50805
13000.00000 	353.67836 	0.05020 	45.00081 	20.50805
13100.00000 	355.00537 	0.05020 	45.00081 	20.50805
13200.00000 	356.11739 	0.05030 	45.00081 	20.50805
13300.00000 	357.25787 	0.05035 	45.00081 	20.50805
13400.00000 	358.42787 	0.05041 	45.00081 	20.50805
13500.00000 	359.52657 	0.04918 	45.00081 	20.50805
13600.00000 	360.45392 	0.04703 	45.00081 	20.50805
13700.00000 	361.40755 	0.04503 	45.00081 	20.50805
13800.00000 	362.47514 	0.04314 	45.00081 	20.50805
13900.00000 	363.48577 	0.04130 	45.00081 	20.50805
14000.00000 	364.59813 	0.03951 	45.00081 	20.50805
14100.00000 	365.98104 	0.03844 	43.75045 	20.50352
14200.00000 	367.49687 	0.03767 	42.50036 	20.50888
14300.00000 	369.12191 	0.03699 	41.25337 	20.50528
14400.00000 	370.70539 	0.03625 	40.00268 	20.50566
14500.00000 	372.23483 	0.03558 	38.74871 	20.50773
14600.00000 	373.44983 	0.03481 	37.50001 	20.50514
14700.00000 	374.61263 	0.03409 	36.24981 	20.50916
14800.00000 	375.82235 	0.03338 	34.99770 	20.50840
14900.00000 	377.04408 	0.03269 	33.75307 	20.50606
15000.00000 	378.29690 	0.03202 	32.50047 	20.50627
15100.00000 	379.67184 	0.03140 	31.24925 	20.51131
15200.00000 	381.01072 	0.03077 	29.99924 	20.51016
15300.00000 	382.36626 	0.03015 	28.75180 	20.50846
15400.00000 	383.75819 	0.02956 	27.49986 	20.50523
15500.00000 	385.13201 	0.02898 	26.24886 	20.50785
15600.00000 	385.96484 	0.02834 	24.99899 	20.50519
15700.00000 	386.82356 	0.02768 	23.74787 	20.50585
15800.00000 	387.60623 	0.02702 	22.50005 	20.50939
15900.00000 	388.51778 	0.02644 	21.24862 	20.50523
16000.00000 	389.45820 	0.02583 	19.99844 	20.50748
16100.00000 	390.63547 	0.02530 	19.99844 	20.50748
16200.00000 	391.83024 	0.02477 	19.99844 	20.50748
16300.00000 	393.03147 	0.02425 	19.99844 	20.50748
16400.00000 	394.23870 	0.02374 	19.99844 	20.50748
16500.00000 	395.45148 	0.02324 	19.99844 	20.50748
16600.00000 	396.66930 	0.02275 	19.99844 	20.50748
16700.00000 	397.90402 	0.02227 	19.99844 	20.50748
16800.00000 	399.15587 	0.02180 	19.99844 	20.50748
16900.00000 	400.41213 	0.02134 	19.99844 	20.50748
17000.00000 	401.67214 	0.02089 	19.99844 	20.50748
17100.00000 	402.94878 	0.02044 	19.99844 	20.50748
17200.00000 	404.22837 	0.02001 	19.99844 	20.50748
17300.00000 	405.52429 	0.01958 	19.99844 	20.50748
17400.00000 	406.82219 	0.01916 	19.99844 	20.50748
17500.00000 	408.13603 	0.01875 	19.99844 	20.50748
17600.00000 	409.46590 	0.01834 	19.99844 	20.50748
17700.00000 	410.79636 	0.01795 	19.99844 	20.50748
17800.00000 	412.14226 	0.01756 	19.99844 	20.50748
17900.00000 	413.50363 	0.01718 	19.99844 	20.50748
18000.00000 	414.86386 	0.01697 	19.99844 	20.50748
18100.00000 	416.23876 	0.01721 	19.99844 	20.50748
18200.00000 	417.62826 	0.01748 	19.99844 	20.50748
18300.00000 	419.03226 	0.01715 	19.99844 	20.50748
18400.00000 	420.45065 	0.01642 	19.99844 	20.50748
18500.00000 	421.86463 	0.01571 	19.99844 	20.50748
18600.00000 	423.31087 	0.01506 	19.99844 	20.50748
18700.00000 	424.75142 	0.01441 	19.99844 	20.50748
18800.00000 	426.20464 	0.01378 	19.99844 	20.50748
18900.00000 	427.69070 	0.01318 	19.99844 	20.50748
19000.00000 	429.16876 	0.01262 	19.99844 	20.50748
19100.00000 	430.65844 	0.01206 	19.99844 	20.50748
19200.00000 	432.18130 	0.01153 	19.99844 	20.50748
19300.00000 	433.69337 	0.01103 	19.99844 	20.50748
19400.00000 	435.23870 	0.01053 	19.99844 	20.50748
19500.00000 	436.77104 	0.01006 	19.99844 	20.50748
19600.00000 	438.33655 	0.00962 	19.99844 	20.50748
19700.00000 	439.91146 	0.00918 	19.99844 	20.50748
19800.00000 	441.49502 	0.00876 	19.99844 	20.50748
19900.00000 	443.11255 	0.00838 	19.99844 	20.50748
20000.00000 	444.71159 	0.00799 	19.99844 	20.50748
