964.80000 	304.60429 	20.07188
0.00000 	304.60274 	20.07188 	-0.00000 	0.00000
100.00000 	304.61101 	19.77194 	-0.00000 	2.75228
200.00000 	305.61550 	19.54806 	-0.00000 	5.49941
300.00000 	306.43035 	18.81628 	0.53615 	9.47119
400.00000 	307.06560 	18.21124 	1.07133 	11.06540
500.00000 	307.55895 	17.83045 	1.60716 	12.25718
600.00000 	307.78670 	17.71528 	2.14179 	13.22381
700.00000 	307.92065 	17.39891 	2.67836 	14.05376
800.00000 	308.01267 	17.15167 	3.21428 	14.77917
900.00000 	308.12380 	17.08574 	3.75069 	15.42104
1000.00000 	308.24418 	17.07535 	4.28603 	15.99570
1100.00000 	308.31099 	17.06494 	4.82111 	16.51902
1200.00000 	308.43912 	16.82455 	5.35714 	16.99067
1300.00000 	308.80845 	15.76004 	5.89348 	17.42154
1400.00000 	309.55854 	14.93008 	6.43012 	17.81157
1500.00000 	310.39631 	14.32928 	6.96617 	18.16644
1600.00000 	311.14150 	14.03613 	7.50121 	18.49178
1700.00000 	311.47220 	13.66364 	8.03659 	18.78698
1800.00000 	311.76008 	12.94884 	8.57059 	19.05265
1900.00000 	312.10090 	11.57287 	9.10716 	19.29248
2000.00000 	312.61459 	9.96077 	9.64395 	19.51305
2100.00000 	313.18210 	8.49229 	10.17867 	19.70393
2200.00000 	313.82741 	7.35108 	10.71483 	19.87466
2300.00000 	314.11451 	6.67113 	11.25157 	20.02549
2400.00000 	314.22546 	6.20671 	11.78548 	20.15228
2500.00000 	314.33384 	5.78341 	12.32172 	20.25770
2600.00000 	314.61715 	5.32347 	12.85877 	20.34842
2700.00000 	315.07401 	4.81973 	13.39400 	20.41370
2800.00000 	315.55419 	4.24948 	13.93227 	20.46228
2900.00000 	316.00058 	3.72579 	14.46656 	20.49247
3000.00000 	316.23627 	3.29612 	14.99974 	20.50205
3100.00000 	316.35559 	3.03554 	15.49986 	20.50192
3200.00000 	316.37275 	2.94848 	15.99965 	20.50073
3300.00000 	316.38589 	2.89046 	16.50231 	20.50274
3400.00000 	316.40872 	2.84710 	17.00144 	20.50016
3500.00000 	316.41609 	2.53849 	17.49994 	20.50429
3600.00000 	316.58997 	2.28727 	17.99834 	20.50151
3700.00000 	317.12629 	2.18169 	18.49978 	20.50286
3800.00000 	317.67622 	2.08399 	19.00088 	20.50472
3900.00000 	318.21376 	1.99814 	19.50167 	20.50025
4000.00000 	318.61950 	1.89621 	20.00202 	20.50398
4100.00000 	318.91038 	1.77986 	20.50192 	20.50192
4200.00000 	319.18627 	1.66834 	21.00133 	20.50149
4300.00000 	319.50156 	1.56477 	21.50023 	20.50304
4400.00000 	319.80964 	1.45668 	22.00220 	20.50303
4500.00000 	320.16855 	1.33545 	22.49982 	20.50200
4600.00000 	320.53999 	1.22234 	23.00040 	20.49981
4700.00000 	320.92435 	1.11890 	23.50034 	20.50066
4800.00000 	321.32205 	1.02343 	24.00321 	20.50068
4900.00000 	321.75055 	0.93554 	24.50147 	20.50095
5000.00000 	322.19104 	0.87062 	25.00257 	20.50082
5100.00000 	322.64482 	0.81126 	25.49890 	20.50164
5200.00000 	323.09450 	0.75545 	26.00156 	20.49798
5300.00000 	323.57582 	0.70329 	26.49982 	20.50356
5400.00000 	324.07169 	0.65382 	27.00029 	20.50176
5500.00000 	324.58257 	0.60809 	27.50343 	20.50043
5600.00000 	325.03453 	0.57087 	28.00151 	20.50152
5700.00000 	325.39462 	0.54554 	28.50220 	20.50354
5800.00000 	325.77480 	0.52088 	29.00128 	20.50367
5900.00000 	326.16163 	0.49716 	29.50291 	20.50505
6000.00000 	326.54994 	0.47490 	30.00282 	20.50493
6100.00000 	326.96495 	0.45314 	30.37626 	20.50448
6200.00000 	327.38226 	0.43232 	30.75496 	20.50325
6300.00000 	327.84814 	0.41288 	31.13107 	20.50378
6400.00000 	328.21223 	0.38701 	31.50455 	20.50623
6500.00000 	328.56867 	0.36219 	31.87897 	20.50524
6600.00000 	328.96038 	0.33857 	32.25071 	20.50642
6700.00000 	329.35746 	0.31662 	32.62768 	20.50701
6800.00000 	329.77865 	0.29574 	33.00554 	20.50420
6900.00000 	330.19278 	0.27635 	33.38068 	20.50382
7000.00000 	330.64537 	0.25793 	33.75307 	20.50606
7100.00000 	331.08085 	0.24299 	34.12628 	20.50514
7200.00000 	331.47412 	0.23152 	34.50470 	20.50368
7300.00000 	331.88182 	0.22055 	34.88033 	20.50511
7400.00000 	332.32880 	0.21012 	35.25674 	20.50344
7500.00000 	332.76714 	0.20011 	35.63032 	20.50490
7600.00000 	333.22139 	0.19054 	36.00464 	20.50338
7700.00000 	333.71761 	0.18146 	36.37609 	20.50524
7800.00000 	334.12727 	0.17559 	36.75273 	20.50675
7900.00000 	334.48638 	0.17424 	37.13008 	20.50536
8000.00000 	334.83404 	0.17287 	37.50452 	20.50761
8100.00000 	335.19665 	0.17172 	37.87963 	20.50708
8200.00000 	335.57471 	0.17042 	38.25539 	20.50376
8300.00000 	335.99661 	0.16921 	38.62820 	20.50440
8400.00000 	336.40760 	0.16798 	39.00619 	20.50477
8500.00000 	336.83569 	0.16679 	39.37665 	20.50692
8600.00000 	337.12531 	0.16655 	39.75585 	20.50195
8700.00000 	337.38664 	0.16646 	40.12848 	20.50827
8800.00000 	337.66261 	0.16659 	40.50527 	20.50507
8900.00000 	337.95372 	0.16674 	40.87904 	20.50641
9000.00000 	338.26048 	0.16674 	41.25337 	20.50528
9100.00000 	338.56946 	0.16695 	41.62823 	20.50168
9200.00000 	338.90916 	0.16702 	42.00466 	20.50519
9300.00000 	339.26626 	0.16729 	42.37698 	20.50409
9400.00000 	339.60850 	0.16755 	42.75445 	20.50285
9500.00000 	340.00180 	0.16771 	43.12884 	20.50676
9600.00000 	340.32157 	0.16768 	43.50372 	20.50841
9700.00000 	340.60872 	0.16780 	43.87909 	20.50779
9800.00000 	340.96075 	0.16783 	44.25492 	20.50491
9900.00000 	341.33006 	0.16788 	44.62764 	20.50755
10000.00000 	341.66671 	0.16810 	45.00081 	20.50805
10100.00000 	342.07184 	0.16822 	45.00081 	20.50805
10200.00000 	342.48157 	0.16838 	45.00081 	20.50805
10300.00000 	342.92583 	0.16876 	45.00081 	20.50805
10400.00000 	343.33452 	0.16424 	45.00081 	20.50805
10500.00000 	343.73720 	0.15910 	45.00081 	20.50805
10600.00000 	344.15760 	0.15428 	45.00081 	20.50805
10700.00000 	344.65163 	0.14952 	45.00081 	20.50805
10800.00000 	345.11015 	0.14501 	45.00081 	20.50805
10900.00000 	345.63009 	0.14055 	45.00081 	20.50805
11000.00000 	346.08722 	0.13520 	45.00081 	20.50805
11100.00000 	346.52118 	0.12769 	45.00081 	20.50805
11200.00000 	346.95905 	0.12070 	45.00081 	20.50805
11300.00000 	347.43203 	0.11394 	45.00081 	20.50805
11400.00000 	347.88046 	0.10749 	45.00081 	20.50805
11500.00000 	348.37926 	0.10155 	45.00081 	20.50805
11600.00000 	348.91570 	0.09581 	45.00081 	20.50805
11700.00000 	349.31699 	0.08765 	45.00081 	20.50805
11800.00000 	349.73726 	0.07929 	45.00081 	20.50805
11900.00000 	350.22631 	0.07178 	45.00081 	20.50805
12000.00000 	350.68753 	0.06483 	45.00081 	20.50805
12100.00000 	351.16999 	0.05857 	45.00081 	20.50805
12200.00000 	351.67451 	0.05280 	45.00081 	20.50805
12300.00000 	352.32581 	0.05227 	45.00081 	20.50805
12400.00000 	353.24232 	0.05862 	45.00081 	20.50805
12500.00000 	354.13101 	0.06577 	45.00081 	20.50805
12600.00000 	354.98039 	0.07173 	45.00081 	20.50805
12700.00000 	355.23684 	0.06260 	45.00081 	20.50805
12800.00000 	355.47101 	0.05445 	45.00081 	20.50805
12900.00000 	355.78096 	0.04737 	45.00081 	20.50805
13000.00000 	356.09454 	0.04109 	45.00081 	20.50805
13100.00000 	356.38543 	0.03556 	45.00081 	20.50805
13200.00000 	356.75720 	0.03078 	45.00081 	20.50805
13300.00000 	357.13487 	0.02656 	45.00081 	20.50805
13400.00000 	357.55279 	0.02291 	45.00081 	20.50805
13500.00000 	357.93082 	0.01969 	45.00081 	20.50805
13600.00000 	358.38071 	0.01690 	45.00081 	20.50805
13700.00000 	358.87418 	0.01450 	45.00081 	20.50805
13800.00000 	359.75766 	0.01415 	45.00081 	20.50805
13900.00000 	360.78858 	0.01417 	45.00081 	20.50805
14000.00000 	361.83106 	0.01418 	45.00081 	20.50805
14100.00000 	362.90340 	0.01420 	43.75045 	20.50352
14200.00000 	364.02427 	0.01425 	42.50036 	20.50888
14300.00000 	365.10254 	0.01468 	41.25337 	20.50528
14400.00000 	366.20566 	0.01433 	40.00268 	20.50566
14500.00000 	367.35612 	0.01403 	38.74871 	20.50773
14600.00000 	368.51968 	0.01372 	37.50001 	20.50514
14700.00000 	369.73311 	0.01343 	36.24981 	20.50916
14800.00000 	370.96198 	0.01314 	34.99770 	20.50840
14900.00000 	372.17712 	0.01286 	33.75307 	20.50606
15000.00000 	373.59323 	0.01281 	32.50047 	20.50627
15100.00000 	374.93633 	0.01274 	31.24925 	20.51131
15200.00000 	376.41799 	0.01270 	29.99924 	20.51016
15300.00000 	377.93526 	0.01266 	28.75180 	20.50846
15400.00000 	379.37765 	0.01260 	27.49986 	20.50523
15500.00000 	380.96837 	0.01257 	26.24886 	20.50785
15600.00000 	382.50165 	0.01253 	24.99899 	20.50519
15700.00000 	384.17188 	0.01251 	23.74787 	20.50585
15800.00000 	386.24795 	0.01295 	22.50005 	20.50939
15900.00000 	389.02918 	0.01400 	21.24862 	20.50523
16000.00000 	391.73431 	0.01509 	19.99844 	20.50748
16100.00000 	394.70441 	0.01631 	19.99844 	20.50748
16200.00000 	397.71107 	0.01761 	19.99844 	20.50748
16300.00000 	400.73191 	0.01902 	19.99844 	20.50748
16400.00000 	403.78949 	0.02054 	19.99844 	20.50748
16500.00000 	406.87231 	0.02220 	19.99844 	20.50748
16600.00000 	409.99254 	0.02397 	19.99844 	20.50748
16700.00000 	413.12523 	0.02586 	19.99844 	20.50748
16800.00000 	416.30842 	0.02791 	19.99844 	20.50748
16900.00000 	419.50326 	0.03011 	19.99844 	20.50748
17000.00000 	422.73595 	0.03248 	19.99844 	20.50748
17100.00000 	426.00705 	0.03507 	19.99844 	20.50748
17200.00000 	429.30253 	0.03782 	19.99844 	20.50748
17300.00000 	432.63678 	0.04077 	19.99844 	20.50748
17400.00000 	435.99492 	0.04395 	19.99844 	20.50748
17500.00000 	439.37622 	0.04736 	19.99844 	20.50748
17600.00000 	442.81245 	0.05104 	19.99844 	20.50748
17700.00000 	446.27191 	0.05506 	19.99844 	20.50748
17800.00000 	449.77091 	0.05932 	19.99844 	20.50748
17900.00000 	453.29219 	0.06388 	19.99844 	20.50748
18000.00000 	456.85285 	0.06880 	19.99844 	20.50748
18100.00000 	460.45324 	0.07408 	19.99844 	20.50748
18200.00000 	464.09369 	0.07975 	19.99844 	20.50748
18300.00000 	467.75477 	0.08584 	19.99844 	20.50748
18400.00000 	471.45539 	0.09250 	19.99844 	20.50748
18500.00000 	475.21660 	0.09955 	19.99844 	20.50748
18600.00000 	478.99745 	0.10712 	19.99844 	20.50748
18700.00000 	482.81834 	0.11524 	19.99844 	20.50748
18800.00000 	486.67939 	0.12396 	19.99844 	20.50748
18900.00000 	490.58063 	0.13332 	19.99844 	20.50748
19000.00000 	494.49806 	0.14353 	19.99844 	20.50748
19100.00000 	498.47897 	0.15433 	19.99844 	20.50748
19200.00000 	502.49990 	0.16592 	19.99844 	20.50748
19300.00000 	506.56071 	0.17836 	19.99844 	20.50748
19400.00000 	510.66115 	0.19170 	19.99844 	20.50748
19500.00000 	514.82866 	0.20605 	19.99844 	20.50748
19600.00000 	519.00821 	0.22167 	19.99844 	20.50748
19700.00000 	523.25567 	0.23819 	19.99844 	20.50748
19800.00000 	527.51261 	0.25585 	19.99844 	20.50748
19900.00000 	531.83804 	0.27483 	19.99844 	20.50748
20000.00000 	536.23402 	0.29524 	19.99844 	20.50748
