963.00000 	303.06873 	12.15612
0.00000 	303.06711 	12.15612 	-0.00000 	0.00000
100.00000 	303.83232 	11.02815 	-0.00000 	2.75228
200.00000 	304.19432 	11.13342 	-0.00000 	5.49941
300.00000 	304.57692 	11.52199 	0.53615 	9.47119
400.00000 	304.85920 	11.80432 	1.07133 	11.06540
500.00000 	305.01858 	11.93389 	1.60716 	12.25718
600.00000 	305.17686 	12.05045 	2.14179 	13.22381
700.00000 	305.16980 	11.93402 	2.67836 	14.05376
800.00000 	305.17092 	11.81975 	3.21428 	14.77917
900.00000 	305.18084 	11.60471 	3.75069 	15.42104
1000.00000 	305.18911 	11.33165 	4.28603 	15.99570
1100.00000 	305.20591 	11.09510 	4.82111 	16.51902
1200.00000 	305.21070 	11.04648 	5.35714 	16.99067
1300.00000 	305.22405 	11.00675 	5.89348 	17.42154
1400.00000 	305.32026 	10.94479 	6.43012 	17.81157
1500.00000 	305.46820 	10.96463 	6.96617 	18.16644
1600.00000 	305.61527 	11.15133 	7.50121 	18.49178
1700.00000 	305.64334 	11.08109 	8.03659 	18.78698
1800.00000 	305.66928 	10.64911 	8.57059 	19.05265
1900.00000 	305.79036 	10.16285 	9.10716 	19.29248
2000.00000 	306.16917 	9.86448 	9.64395 	19.51305
2100.00000 	306.54809 	9.56677 	10.17867 	19.70393
2200.00000 	307.01401 	9.33471 	10.71483 	19.87466
2300.00000 	307.54588 	9.13897 	11.25157 	20.02549
2400.00000 	308.07970 	8.94145 	11.78548 	20.15228
2500.00000 	308.32741 	8.60004 	12.32172 	20.25770
2600.00000 	308.45238 	8.19994 	12.85877 	20.34842
2700.00000 	308.61113 	7.82922 	13.39400 	20.41370
2800.00000 	309.05345 	7.61593 	13.93227 	20.46228
2900.00000 	309.58616 	7.44560 	14.46656 	20.49247
3000.00000 	310.12098 	7.23248 	14.99974 	20.50205
3100.00000 	310.59794 	6.73541 	15.49986 	20.50192
3200.00000 	311.08785 	5.93956 	15.99965 	20.50073
3300.00000 	311.57743 	5.27123 	16.50231 	20.50274
3400.00000 	311.99846 	4.94745 	17.00144 	20.50016
3500.00000 	312.40693 	4.66199 	17.49994 	20.50429
3600.00000 	312.82820 	4.38824 	17.99834 	20.50151
3700.00000 	313.12212 	4.19496 	18.49978 	20.50286
3800.00000 	313.33005 	4.04518 	19.00088 	20.50472
3900.00000 	313.56415 	3.90112 	19.50167 	20.50025
4000.00000 	313.79193 	3.76938 	20.00202 	20.50398
4100.00000 	314.01985 	3.65604 	20.50192 	20.50192
4200.00000 	314.25609 	3.54268 	21.00133 	20.50149
4300.00000 	314.49274 	3.43544 	21.50023 	20.50304
4400.00000 	314.69836 	3.32241 	22.00220 	20.50303
4500.00000 	314.91585 	3.21296 	22.49982 	20.50200
4600.00000 	315.13374 	3.10701 	23.00040 	20.49981
4700.00000 	315.39062 	3.01290 	23.50034 	20.50066
4800.00000 	315.69098 	2.93037 	24.00321 	20.50068
4900.00000 	316.00911 	2.85067 	24.50147 	20.50095
5000.00000 	316.33565 	2.77043 	25.00257 	20.50082
5100.00000 	316.68918 	2.69578 	25.49890 	20.50164
5200.00000 	317.05615 	2.62318 	26.00156 	20.49798
5300.00000 	317.43698 	2.55258 	26.49982 	20.50356
5400.00000 	317.82613 	2.48547 	27.00029 	20.50176
5500.00000 	318.27840 	2.42117 	27.50343 	20.50043
5600.00000 	318.74505 	2.35667 	28.00151 	20.50152
5700.00000 	319.22655 	2.29583 	28.50220 	20.50354
5800.00000 	319.71099 	2.23109 	29.00128 	20.50367
5900.00000 	320.13997 	2.15248 	29.50291 	20.50505
6000.00000 	320.58335 	2.07481 	30.00282 	20.50493
6100.00000 	321.04159 	2.00150 	30.37626 	20.50448
6200.00000 	321.50260 	1.92745 	30.75496 	20.50325
6300.00000 	321.92521 	1.84737 	31.13107 	20.50378
6400.00000 	322.34168 	1.76850 	31.50455 	20.50623
6500.00000 	322.80704 	1.69465 	31.87897 	20.50524
6600.00000 	323.25396 	1.62193 	32.25071 	20.50642
6700.00000 	323.66901 	1.54777 	32.62768 	20.50701
6800.00000 	324.07717 	1.47514 	33.00554 	20.50420
6900.00000 	324.47794 	1.40535 	33.38068 	20.50382
7000.00000 	324.91687 	1.34014 	33.75307 	20.50606
7100.00000 	325.30972 	1.27182 	34.12628 	20.50514
7200.00000 	325.64486 	1.20077 	34.50470 	20.50368
7300.00000 	325.99477 	1.13338 	34.88033 	20.50511
7400.00000 	326.38440 	1.06976 	35.25674 	20.50344
7500.00000 	326.75255 	1.00918 	35.63032 	20.50490
7600.00000 	327.08658 	0.94953 	36.00464 	20.50338
7700.00000 	327.38371 	0.89206 	36.37609 	20.50524
7800.00000 	327.73496 	0.83725 	36.75273 	20.50675
7900.00000 	328.10247 	0.78628 	37.13008 	20.50536
8000.00000 	328.44656 	0.73796 	37.50452 	20.50761
8100.00000 	328.77993 	0.69133 	37.87963 	20.50708
8200.00000 	329.12889 	0.64742 	38.25539 	20.50376
8300.00000 	329.50766 	0.60608 	38.62820 	20.50440
8400.00000 	329.86114 	0.56645 	39.00619 	20.50477
8500.00000 	330.25990 	0.52989 	39.37665 	20.50692
8600.00000 	330.59035 	0.49715 	39.75585 	20.50195
8700.00000 	330.86594 	0.46750 	40.12848 	20.50827
8800.00000 	331.17127 	0.43907 	40.50527 	20.50507
8900.00000 	331.47911 	0.41264 	40.87904 	20.50641
9000.00000 	331.81798 	0.38770 	41.25337 	20.50528
9100.00000 	332.12885 	0.36403 	41.62823 	20.50168
9200.00000 	332.38236 	0.34124 	42.00466 	20.50519
9300.00000 	332.61978 	0.31967 	42.37698 	20.50409
9400.00000 	332.87331 	0.29936 	42.75445 	20.50285
9500.00000 	333.14353 	0.28025 	43.12884 	20.50676
9600.00000 	333.43107 	0.26227 	43.50372 	20.50841
9700.00000 	333.73659 	0.24537 	43.87909 	20.50779
9800.00000 	333.92598 	0.22825 	44.25492 	20.50491
9900.00000 	334.18147 	0.21255 	44.62764 	20.50755
10000.00000 	334.41820 	0.19777 	45.00081 	20.50805
10100.00000 	334.67202 	0.18395 	45.00081 	20.50805
10200.00000 	334.94358 	0.17083 	45.00081 	20.50805
10300.00000 	335.23355 	0.15876 	45.00081 	20.50805
10400.00000 	335.45921 	0.14693 	45.00081 	20.50805
10500.00000 	335.60943 	0.13566 	45.00081 	20.50805
10600.00000 	335.80082 	0.12524 	45.00081 	20.50805
10700.00000 	335.98474 	0.11551 	45.00081 	20.50805
10800.00000 	336.18622 	0.10661 	45.00081 	20.50805
10900.00000 	336.44785 	0.09827 	45.00081 	20.50805
11000.00000 	336.67193 	0.09050 	45.00081 	20.50805
11100.00000 	336.96729 	0.08411 	45.00081 	20.50805
11200.00000 	337.29684 	0.07832 	45.00081 	20.50805
11300.00000 	337.61677 	0.07287 	45.00081 	20.50805
11400.00000 	337.94014 	0.06785 	45.00081 	20.50805
11500.00000 	338.32940 	0.06311 	45.00081 	20.50805
11600.00000 	338.70931 	0.05865 	45.00081 	20.50805
11700.00000 	339.14274 	0.05459 	45.00081 	20.50805
11800.00000 	339.58176 	0.05086 	45.00081 	20.50805
11900.00000 	340.07111 	0.04779 	45.00081 	20.50805
12000.00000 	340.59710 	0.04489 	45.00081 	20.50805
12100.00000 	341.19596 	0.04218 	45.00081 	20.50805
12200.00000 	341.75068 	0.03961 	45.00081 	20.50805
12300.00000 	342.34478 	0.03719 	45.00081 	20.50805
12400.00000 	342.94682 	0.03490 	45.00081 	20.50805
12500.00000 	343.64553 	0.03273 	45.00081 	20.50805
12600.00000 	344.39865 	0.03090 	45.00081 	20.50805
12700.00000 	346.50456 	0.03235 	45.00081 	20.50805
12800.00000 	348.64492 	0.03388 	45.00081 	20.50805
12900.00000 	350.88094 	0.03550 	45.00081 	20.50805
13000.00000 	353.07839 	0.03718 	45.00081 	20.50805
13100.00000 	355.39357 	0.03897 	45.00081 	20.50805
13200.00000 	357.68700 	0.04084 	45.00081 	20.50805
13300.00000 	360.08738 	0.04282 	45.00081 	20.50805
13400.00000 	362.46620 	0.04489 	45.00081 	20.50805
13500.00000 	364.94127 	0.04710 	45.00081 	20.50805
13600.00000 	366.75206 	0.04776 	45.00081 	20.50805
13700.00000 	368.23072 	0.04745 	45.00081 	20.50805
13800.00000 	369.75653 	0.04709 	45.00081 	20.50805
13900.00000 	371.29585 	0.04681 	45.00081 	20.50805
14000.00000 	372.79098 	0.04650 	45.00081 	20.50805
14100.00000 	374.39376 	0.04623 	43.75045 	20.50352
14200.00000 	376.03080 	0.04598 	42.50036 	20.50888
14300.00000 	377.72117 	0.04573 	41.25337 	20.50528
14400.00000 	379.34816 	0.04547 	40.00268 	20.50566
14500.00000 	381.09428 	0.04525 	38.74871 	20.50773
14600.00000 	382.88019 	0.04504 	37.50001 	20.50514
14700.00000 	384.60127 	0.04476 	36.24981 	20.50916
14800.00000 	385.89166 	0.04381 	34.99770 	20.50840
14900.00000 	387.28287 	0.04297 	33.75307 	20.50606
15000.00000 	388.63139 	0.04207 	32.50047 	20.50627
15100.00000 	390.00972 	0.04120 	31.24925 	20.51131
15200.00000 	391.40042 	0.04040 	29.99924 	20.51016
15300.00000 	392.84157 	0.03957 	28.75180 	20.50846
15400.00000 	394.41646 	0.03884 	27.49986 	20.50523
15500.00000 	395.90849 	0.03806 	26.24886 	20.50785
15600.00000 	397.45503 	0.03729 	24.99899 	20.50519
15700.00000 	399.03880 	0.03660 	23.74787 	20.50585
15800.00000 	400.64221 	0.03588 	22.50005 	20.50939
15900.00000 	402.41649 	0.03526 	21.24862 	20.50523
16000.00000 	404.12346 	0.03458 	19.99844 	20.50748
16100.00000 	405.93258 	0.03393 	19.99844 	20.50748
16200.00000 	407.74218 	0.03329 	19.99844 	20.50748
16300.00000 	409.57549 	0.03267 	19.99844 	20.50748
16400.00000 	411.43291 	0.03206 	19.99844 	20.50748
16500.00000 	413.30200 	0.03146 	19.99844 	20.50748
16600.00000 	415.18227 	0.03086 	19.99844 	20.50748
16700.00000 	417.08656 	0.03028 	19.99844 	20.50748
16800.00000 	419.00150 	0.02971 	19.99844 	20.50748
16900.00000 	420.92642 	0.02914 	19.99844 	20.50748
17000.00000 	422.87506 	0.02859 	19.99844 	20.50748
17100.00000 	424.84768 	0.02805 	19.99844 	20.50748
17200.00000 	426.82945 	0.02751 	19.99844 	20.50748
17300.00000 	428.81954 	0.02698 	19.99844 	20.50748
17400.00000 	430.84876 	0.02647 	19.99844 	20.50748
17500.00000 	432.88597 	0.02596 	19.99844 	20.50748
17600.00000 	434.93019 	0.02546 	19.99844 	20.50748
17700.00000 	437.01443 	0.02497 	19.99844 	20.50748
17800.00000 	439.10513 	0.02449 	19.99844 	20.50748
17900.00000 	441.21901 	0.02402 	19.99844 	20.50748
18000.00000 	443.33781 	0.02355 	19.99844 	20.50748
18100.00000 	445.49778 	0.02309 	19.99844 	20.50748
18200.00000 	447.66178 	0.02264 	19.99844 	20.50748
18300.00000 	449.84810 	0.02220 	19.99844 	20.50748
18400.00000 	452.05667 	0.02177 	19.99844 	20.50748
18500.00000 	454.28736 	0.02134 	19.99844 	20.50748
18600.00000 	456.54002 	0.02092 	19.99844 	20.50748
18700.00000 	458.81448 	0.02051 	19.99844 	20.50748
18800.00000 	461.11049 	0.02011 	19.99844 	20.50748
18900.00000 	463.42777 	0.01972 	19.99844 	20.50748
19000.00000 	465.76601 	0.01933 	19.99844 	20.50748
19100.00000 	468.12483 	0.01894 	19.99844 	20.50748
19200.00000 	470.50378 	0.01857 	19.99844 	20.50748
19300.00000 	472.90238 	0.01820 	19.99844 	20.50748
19400.00000 	475.34620 	0.01784 	19.99844 	20.50748
19500.00000 	477.78302 	0.01748 	19.99844 	20.50748
19600.00000 	480.26516 	0.01713 	19.99844 	20.50748
19700.00000 	482.76574 	0.01679 	19.99844 	20.50748
19800.00000 	485.28397 	0.01646 	19.99844 	20.50748
19900.00000 	487.81896 	0.01612 	19.99844 	20.50748
20000.00000 	490.40032 	0.01580 	19.99844 	20.50748
