959.70000 	307.27192 	16.31021
0.00000 	307.27012 	16.31021 	-0.00000 	0.00000
100.00000 	307.27230 	17.41394 	-0.00000 	2.75228
200.00000 	307.98577 	17.28880 	-0.00000 	5.49941
300.00000 	308.72192 	17.16616 	0.53615 	9.47119
400.00000 	309.33894 	16.95436 	1.07133 	11.06540
500.00000 	309.91703 	16.70118 	1.60716 	12.25718
600.00000 	310.35214 	16.49557 	2.14179 	13.22381
700.00000 	310.35404 	16.37495 	2.67836 	14.05376
800.00000 	310.36403 	16.26733 	3.21428 	14.77917
900.00000 	310.37212 	16.14957 	3.75069 	15.42104
1000.00000 	310.37819 	16.03231 	4.28603 	15.99570
1100.00000 	310.39261 	15.89662 	4.82111 	16.51902
1200.00000 	310.39444 	15.68748 	5.35714 	16.99067
1300.00000 	310.40463 	15.49242 	5.89348 	17.42154
1400.00000 	310.41258 	15.27891 	6.43012 	17.81157
1500.00000 	310.41819 	15.05760 	6.96617 	18.16644
1600.00000 	310.43239 	14.85036 	7.50121 	18.49178
1700.00000 	310.52927 	14.31598 	8.03659 	18.78698
1800.00000 	310.67830 	13.79055 	8.57059 	19.05265
1900.00000 	310.93401 	13.17670 	9.10716 	19.29248
2000.00000 	311.43642 	12.25743 	9.64395 	19.51305
2100.00000 	311.95108 	11.40440 	10.17867 	19.70393
2200.00000 	312.47615 	10.64633 	10.71483 	19.87466
2300.00000 	313.05732 	9.98925 	11.25157 	20.02549
2400.00000 	313.63929 	9.36783 	11.78548 	20.15228
2500.00000 	314.07767 	8.86565 	12.32172 	20.25770
2600.00000 	314.43980 	8.44735 	12.85877 	20.34842
2700.00000 	314.81361 	8.04720 	13.39400 	20.41370
2800.00000 	315.09582 	7.68958 	13.93227 	20.46228
2900.00000 	315.35578 	7.35714 	14.46656 	20.49247
3000.00000 	315.61368 	7.03696 	14.99974 	20.50205
3100.00000 	315.86935 	6.71408 	15.49986 	20.50192
3200.00000 	316.12500 	6.39090 	15.99965 	20.50073
3300.00000 	316.37831 	6.08553 	16.50231 	20.50274
3400.00000 	316.66307 	5.80119 	17.00144 	20.50016
3500.00000 	316.96808 	5.53230 	17.49994 	20.50429
3600.00000 	317.28492 	5.27882 	17.99834 	20.50151
3700.00000 	317.64518 	5.03147 	18.49978 	20.50286
3800.00000 	318.05733 	4.78604 	19.00088 	20.50472
3900.00000 	318.49701 	4.55579 	19.50167 	20.50025
4000.00000 	318.93487 	4.33172 	20.00202 	20.50398
4100.00000 	319.36688 	4.09752 	20.50192 	20.50192
4200.00000 	319.82352 	3.87789 	21.00133 	20.50149
4300.00000 	320.29360 	3.66618 	21.50023 	20.50304
4400.00000 	320.73371 	3.49366 	22.00220 	20.50303
4500.00000 	321.15906 	3.35684 	22.49982 	20.50200
4600.00000 	321.61406 	3.22309 	23.00040 	20.49981
4700.00000 	322.07822 	3.09623 	23.50034 	20.50066
4800.00000 	322.54632 	3.06158 	24.00321 	20.50068
4900.00000 	323.04009 	3.03003 	24.50147 	20.50095
5000.00000 	323.53062 	2.99857 	25.00257 	20.50082
5100.00000 	323.99921 	2.97251 	25.49890 	20.50164
5200.00000 	324.39792 	2.96478 	26.00156 	20.49798
5300.00000 	324.82823 	2.95805 	26.49982 	20.50356
5400.00000 	325.25441 	2.94882 	27.00029 	20.50176
5500.00000 	325.67614 	2.93944 	27.50343 	20.50043
5600.00000 	326.06181 	2.92460 	28.00151 	20.50152
5700.00000 	326.48018 	2.91083 	28.50220 	20.50354
5800.00000 	326.91297 	2.89986 	29.00128 	20.50367
5900.00000 	327.33343 	2.86025 	29.50291 	20.50505
6000.00000 	327.76053 	2.79128 	30.00282 	20.50493
6100.00000 	328.18943 	2.72407 	30.37626 	20.50448
6200.00000 	328.62482 	2.66018 	30.75496 	20.50325
6300.00000 	329.09579 	2.58784 	31.13107 	20.50378
6400.00000 	329.51860 	2.49520 	31.50455 	20.50623
6500.00000 	329.95573 	2.40772 	31.87897 	20.50524
6600.00000 	330.42953 	2.32373 	32.25071 	20.50642
6700.00000 	330.88426 	2.24019 	32.62768 	20.50701
6800.00000 	331.29673 	2.11191 	33.00554 	20.50420
6900.00000 	331.68822 	1.98652 	33.38068 	20.50382
7000.00000 	332.11736 	1.86841 	33.75307 	20.50606
7100.00000 	332.53858 	1.75631 	34.12628 	20.50514
7200.00000 	332.97522 	1.65038 	34.50470 	20.50368
7300.00000 	333.35320 	1.54952 	34.88033 	20.50511
7400.00000 	333.74601 	1.45558 	35.25674 	20.50344
7500.00000 	334.16729 	1.36567 	35.63032 	20.50490
7600.00000 	334.59130 	1.28085 	36.00464 	20.50338
7700.00000 	334.96699 	1.20023 	36.37609 	20.50524
7800.00000 	335.34464 	1.12528 	36.75273 	20.50675
7900.00000 	335.71149 	1.05529 	37.13008 	20.50536
8000.00000 	336.09376 	0.98840 	37.50452 	20.50761
8100.00000 	336.49196 	0.92540 	37.87963 	20.50708
8200.00000 	336.81137 	0.87228 	38.25539 	20.50376
8300.00000 	337.03694 	0.82788 	38.62820 	20.50440
8400.00000 	337.24876 	0.78609 	39.00619 	20.50477
8500.00000 	337.51754 	0.74649 	39.37665 	20.50692
8600.00000 	337.75915 	0.70853 	39.75585 	20.50195
8700.00000 	338.01620 	0.67174 	40.12848 	20.50827
8800.00000 	338.18735 	0.63573 	40.50527 	20.50507
8900.00000 	338.38682 	0.60151 	40.87904 	20.50641
9000.00000 	338.60134 	0.56901 	41.25337 	20.50528
9100.00000 	338.81743 	0.53814 	41.62823 	20.50168
9200.00000 	339.06361 	0.50934 	42.00466 	20.50519
9300.00000 	339.27992 	0.48087 	42.37698 	20.50409
9400.00000 	339.46070 	0.45357 	42.75445 	20.50285
9500.00000 	339.67563 	0.42785 	43.12884 	20.50676
9600.00000 	339.87297 	0.40336 	43.50372 	20.50841
9700.00000 	340.10062 	0.38017 	43.87909 	20.50779
9800.00000 	340.36549 	0.35799 	44.25492 	20.50491
9900.00000 	340.59198 	0.33712 	44.62764 	20.50755
10000.00000 	340.77762 	0.31682 	45.00081 	20.50805
10100.00000 	341.01523 	0.29776 	45.00081 	20.50805
10200.00000 	341.24733 	0.27996 	45.00081 	20.50805
10300.00000 	341.48133 	0.26288 	45.00081 	20.50805
10400.00000 	341.77081 	0.24686 	45.00081 	20.50805
10500.00000 	342.05513 	0.23166 	45.00081 	20.50805
10600.00000 	342.27885 	0.21716 	45.00081 	20.50805
10700.00000 	342.53430 	0.20351 	45.00081 	20.50805
10800.00000 	342.75141 	0.19078 	45.00081 	20.50805
10900.00000 	343.04183 	0.17867 	45.00081 	20.50805
11000.00000 	343.30896 	0.16721 	45.00081 	20.50805
11100.00000 	343.62187 	0.15650 	45.00081 	20.50805
11200.00000 	343.92673 	0.14637 	45.00081 	20.50805
11300.00000 	344.19165 	0.13664 	45.00081 	20.50805
11400.00000 	344.43045 	0.12746 	45.00081 	20.50805
11500.00000 	344.62622 	0.11865 	45.00081 	20.50805
11600.00000 	344.90107 	0.11060 	45.00081 	20.50805
11700.00000 	345.19540 	0.10305 	45.00081 	20.50805
11800.00000 	345.51000 	0.09599 	45.00081 	20.50805
11900.00000 	345.84566 	0.08927 	45.00081 	20.50805
12000.00000 	346.18538 	0.08305 	45.00081 	20.50805
12100.00000 	346.70036 	0.07697 	45.00081 	20.50805
12200.00000 	347.16918 	0.07119 	45.00081 	20.50805
12300.00000 	347.72616 	0.06592 	45.00081 	20.50805
12400.00000 	348.28970 	0.06102 	45.00081 	20.50805
12500.00000 	348.82270 	0.05643 	45.00081 	20.50805
12600.00000 	349.44935 	0.05219 	45.00081 	20.50805
12700.00000 	350.08511 	0.04818 	45.00081 	20.50805
12800.00000 	350.69022 	0.04450 	45.00081 	20.50805
12900.00000 	351.55123 	0.04176 	45.00081 	20.50805
13000.00000 	352.55354 	0.03943 	45.00081 	20.50805
13100.00000 	353.50625 	0.03720 	45.00081 	20.50805
13200.00000 	354.50155 	0.03509 	45.00081 	20.50805
13300.00000 	355.52385 	0.03310 	45.00081 	20.50805
13400.00000 	356.62099 	0.03123 	45.00081 	20.50805
13500.00000 	357.70160 	0.02944 	45.00081 	20.50805
13600.00000 	358.81249 	0.02772 	45.00081 	20.50805
13700.00000 	359.95490 	0.02613 	45.00081 	20.50805
13800.00000 	361.14731 	0.02469 	45.00081 	20.50805
13900.00000 	362.24816 	0.02348 	45.00081 	20.50805
14000.00000 	363.44660 	0.02234 	45.00081 	20.50805
14100.00000 	364.60172 	0.02122 	43.75045 	20.50352
14200.00000 	365.85916 	0.02019 	42.50036 	20.50888
14300.00000 	367.07266 	0.01919 	41.25337 	20.50528
14400.00000 	368.37596 	0.01826 	40.00268 	20.50566
14500.00000 	369.65232 	0.01734 	38.74871 	20.50773
14600.00000 	371.04180 	0.01649 	37.50001 	20.50514
14700.00000 	372.38620 	0.01568 	36.24981 	20.50916
14800.00000 	373.84991 	0.01489 	34.99770 	20.50840
14900.00000 	375.32242 	0.01423 	33.75307 	20.50606
15000.00000 	377.01096 	0.01432 	32.50047 	20.50627
15100.00000 	378.81956 	0.01442 	31.24925 	20.51131
15200.00000 	380.57238 	0.01450 	29.99924 	20.51016
15300.00000 	382.35814 	0.01460 	28.75180 	20.50846
15400.00000 	384.27291 	0.01471 	27.49986 	20.50523
15500.00000 	386.13005 	0.01480 	26.24886 	20.50785
15600.00000 	388.02385 	0.01491 	24.99899 	20.50519
15700.00000 	390.05684 	0.01504 	23.74787 	20.50585
15800.00000 	392.03032 	0.01514 	22.50005 	20.50939
15900.00000 	394.15063 	0.01528 	21.24862 	20.50523
16000.00000 	396.21017 	0.01541 	19.99844 	20.50748
16100.00000 	398.42491 	0.01557 	19.99844 	20.50748
16200.00000 	400.65711 	0.01572 	19.99844 	20.50748
16300.00000 	402.90647 	0.01588 	19.99844 	20.50748
16400.00000 	405.17269 	0.01604 	19.99844 	20.50748
16500.00000 	407.46758 	0.01620 	19.99844 	20.50748
16600.00000 	409.77914 	0.01637 	19.99844 	20.50748
16700.00000 	412.10693 	0.01654 	19.99844 	20.50748
16800.00000 	414.46361 	0.01671 	19.99844 	20.50748
16900.00000 	416.83616 	0.01688 	19.99844 	20.50748
17000.00000 	419.23783 	0.01706 	19.99844 	20.50748
17100.00000 	421.65489 	0.01724 	19.99844 	20.50748
17200.00000 	424.10118 	0.01742 	19.99844 	20.50748
17300.00000 	426.56224 	0.01761 	19.99844 	20.50748
17400.00000 	429.05254 	0.01780 	19.99844 	20.50748
17500.00000 	431.55682 	0.01799 	19.99844 	20.50748
17600.00000 	434.09022 	0.01818 	19.99844 	20.50748
17700.00000 	436.65304 	0.01838 	19.99844 	20.50748
17800.00000 	439.22871 	0.01858 	19.99844 	20.50748
17900.00000 	441.83346 	0.01879 	19.99844 	20.50748
18000.00000 	444.46752 	0.01900 	19.99844 	20.50748
18100.00000 	447.13106 	0.01921 	19.99844 	20.50748
18200.00000 	449.80560 	0.01943 	19.99844 	20.50748
18300.00000 	452.50898 	0.01965 	19.99844 	20.50748
18400.00000 	455.24127 	0.01987 	19.99844 	20.50748
18500.00000 	458.00253 	0.02010 	19.99844 	20.50748
18600.00000 	460.79277 	0.02033 	19.99844 	20.50748
18700.00000 	463.59073 	0.02057 	19.99844 	20.50748
18800.00000 	466.43831 	0.02081 	19.99844 	20.50748
18900.00000 	469.31469 	0.02105 	19.99844 	20.50748
19000.00000 	472.19675 	0.02130 	19.99844 	20.50748
19100.00000 	475.12969 	0.02156 	19.99844 	20.50748
19200.00000 	478.06661 	0.02181 	19.99844 	20.50748
19300.00000 	481.05509 	0.02208 	19.99844 	20.50748
19400.00000 	484.07117 	0.02234 	19.99844 	20.50748
19500.00000 	487.11442 	0.02262 	19.99844 	20.50748
19600.00000 	490.18436 	0.02290 	19.99844 	20.50748
19700.00000 	493.28044 	0.02318 	19.99844 	20.50748
19800.00000 	496.43057 	0.02347 	19.99844 	20.50748
19900.00000 	499.60707 	0.02376 	19.99844 	20.50748
20000.00000 	502.80920 	0.02406 	19.99844 	20.50748
