952.80000 	298.35527 	13.22109
0.00000 	298.35322 	13.22109 	-0.00000 	0.00000
100.00000 	299.09150 	13.05584 	-0.00000 	2.75228
200.00000 	299.29276 	12.95190 	-0.00000 	5.49941
300.00000 	299.55575 	12.82318 	0.53615 	9.47119
400.00000 	299.71662 	12.63673 	1.07133 	11.06540
500.00000 	299.81474 	12.44559 	1.60716 	12.25718
600.00000 	299.86140 	12.27170 	2.14179 	13.22381
700.00000 	299.91679 	11.99654 	2.67836 	14.05376
800.00000 	300.22171 	11.59226 	3.21428 	14.77917
900.00000 	300.84015 	11.11072 	3.75069 	15.42104
1000.00000 	301.75487 	10.56743 	4.28603 	15.99570
1100.00000 	302.46412 	9.95065 	4.82111 	16.51902
1200.00000 	303.07082 	9.38485 	5.35714 	16.99067
1300.00000 	303.64798 	8.83005 	5.89348 	17.42154
1400.00000 	304.21652 	8.25695 	6.43012 	17.81157
1500.00000 	304.66976 	7.62078 	6.96617 	18.16644
1600.00000 	304.96363 	7.01324 	7.50121 	18.49178
1700.00000 	305.11783 	6.43955 	8.03659 	18.78698
1800.00000 	305.18415 	5.90258 	8.57059 	19.05265
1900.00000 	305.37935 	5.40293 	9.10716 	19.29248
2000.00000 	305.61626 	4.93664 	9.64395 	19.51305
2100.00000 	305.80955 	4.48677 	10.17867 	19.70393
2200.00000 	305.95701 	4.05159 	10.71483 	19.87466
2300.00000 	306.09277 	3.64081 	11.25157 	20.02549
2400.00000 	306.23891 	3.23534 	11.78548 	20.15228
2500.00000 	306.38207 	2.87673 	12.32172 	20.25770
2600.00000 	306.54678 	2.55620 	12.85877 	20.34842
2700.00000 	306.78593 	2.18399 	13.39400 	20.41370
2800.00000 	307.00281 	1.89165 	13.93227 	20.46228
2900.00000 	307.19376 	1.67524 	14.46656 	20.49247
3000.00000 	307.38436 	1.48133 	14.99974 	20.50205
3100.00000 	307.59946 	1.30803 	15.49986 	20.50192
3200.00000 	307.84459 	1.16566 	15.99965 	20.50073
3300.00000 	308.17390 	1.06859 	16.50231 	20.50274
3400.00000 	308.51764 	0.97817 	17.00144 	20.50016
3500.00000 	308.87127 	0.89535 	17.49994 	20.50429
3600.00000 	309.23755 	0.81890 	17.99834 	20.50151
3700.00000 	309.63140 	0.74852 	18.49978 	20.50286
3800.00000 	309.96029 	0.70324 	19.00088 	20.50472
3900.00000 	310.24564 	0.67764 	19.50167 	20.50025
4000.00000 	310.53123 	0.65293 	20.00202 	20.50398
4100.00000 	310.85599 	0.62919 	20.50192 	20.50192
4200.00000 	311.16656 	0.60617 	21.00133 	20.50149
4300.00000 	311.50586 	0.58406 	21.50023 	20.50304
4400.00000 	311.85482 	0.56263 	22.00220 	20.50303
4500.00000 	312.16906 	0.54620 	22.49982 	20.50200
4600.00000 	312.49174 	0.53212 	23.00040 	20.49981
4700.00000 	312.82744 	0.51794 	23.50034 	20.50066
4800.00000 	313.17657 	0.50415 	24.00321 	20.50068
4900.00000 	313.53958 	0.49074 	24.50147 	20.50095
5000.00000 	313.89952 	0.47493 	25.00257 	20.50082
5100.00000 	314.22078 	0.43766 	25.49890 	20.50164
5200.00000 	314.56745 	0.40307 	26.00156 	20.49798
5300.00000 	314.92787 	0.37098 	26.49982 	20.50356
5400.00000 	315.29022 	0.34123 	27.00029 	20.50176
5500.00000 	315.66077 	0.31360 	27.50343 	20.50043
5600.00000 	316.00883 	0.29060 	28.00151 	20.50152
5700.00000 	316.24508 	0.27270 	28.50220 	20.50354
5800.00000 	316.49401 	0.25607 	29.00128 	20.50367
5900.00000 	316.76332 	0.24043 	29.50291 	20.50505
6000.00000 	317.03912 	0.22540 	30.00282 	20.50493
6100.00000 	317.34928 	0.21150 	30.37626 	20.50448
6200.00000 	317.65387 	0.19834 	30.75496 	20.50325
6300.00000 	317.96074 	0.18576 	31.13107 	20.50378
6400.00000 	318.10862 	0.18020 	31.50455 	20.50623
6500.00000 	318.21331 	0.17491 	31.87897 	20.50524
6600.00000 	318.35171 	0.16982 	32.25071 	20.50642
6700.00000 	318.50299 	0.16489 	32.62768 	20.50701
6800.00000 	318.66760 	0.16010 	33.00554 	20.50420
6900.00000 	318.82318 	0.15558 	33.38068 	20.50382
7000.00000 	319.02857 	0.15108 	33.75307 	20.50606
7100.00000 	319.23574 	0.14671 	34.12628 	20.50514
7200.00000 	319.45824 	0.14247 	34.50470 	20.50368
7300.00000 	319.67240 	0.13848 	34.88033 	20.50511
7400.00000 	319.92688 	0.13449 	35.25674 	20.50344
7500.00000 	320.08691 	0.13088 	35.63032 	20.50490
7600.00000 	320.21030 	0.12744 	36.00464 	20.50338
7700.00000 	320.37235 	0.12413 	36.37609 	20.50524
7800.00000 	320.56210 	0.12091 	36.75273 	20.50675
7900.00000 	320.75314 	0.11778 	37.13008 	20.50536
8000.00000 	320.95945 	0.11475 	37.50452 	20.50761
8100.00000 	321.15433 	0.11164 	37.87963 	20.50708
8200.00000 	321.39245 	0.10878 	38.25539 	20.50376
8300.00000 	321.64760 	0.10600 	38.62820 	20.50440
8400.00000 	321.93427 	0.10331 	39.00619 	20.50477
8500.00000 	322.14976 	0.09963 	39.37665 	20.50692
8600.00000 	322.40817 	0.09588 	39.75585 	20.50195
8700.00000 	322.65249 	0.09223 	40.12848 	20.50827
8800.00000 	322.95669 	0.08884 	40.50527 	20.50507
8900.00000 	323.26390 	0.08549 	40.87904 	20.50641
9000.00000 	323.55738 	0.08223 	41.25337 	20.50528
9100.00000 	323.89999 	0.07922 	41.62823 	20.50168
9200.00000 	324.22921 	0.07620 	42.00466 	20.50519
9300.00000 	324.61000 	0.07332 	42.37698 	20.50409
9400.00000 	324.99220 	0.07036 	42.75445 	20.50285
9500.00000 	325.50986 	0.06597 	43.12884 	20.50676
9600.00000 	326.01238 	0.06173 	43.50372 	20.50841
9700.00000 	326.56919 	0.05785 	43.87909 	20.50779
9800.00000 	327.11115 	0.05410 	44.25492 	20.50491
9900.00000 	327.71010 	0.05066 	44.62764 	20.50755
10000.00000 	328.51674 	0.04881 	45.00081 	20.50805
10100.00000 	329.55463 	0.04884 	45.00081 	20.50805
10200.00000 	330.67082 	0.04890 	45.00081 	20.50805
10300.00000 	331.90091 	0.04511 	45.00081 	20.50805
10400.00000 	333.23319 	0.04019 	45.00081 	20.50805
10500.00000 	334.31081 	0.03610 	45.00081 	20.50805
10600.00000 	335.06436 	0.03289 	45.00081 	20.50805
10700.00000 	335.78386 	0.02990 	45.00081 	20.50805
10800.00000 	336.58447 	0.02720 	45.00081 	20.50805
10900.00000 	337.18403 	0.02468 	45.00081 	20.50805
11000.00000 	337.62156 	0.02231 	45.00081 	20.50805
11100.00000 	338.10869 	0.02018 	45.00081 	20.50805
11200.00000 	338.58744 	0.01824 	45.00081 	20.50805
11300.00000 	339.08764 	0.01647 	45.00081 	20.50805
11400.00000 	339.61016 	0.01486 	45.00081 	20.50805
11500.00000 	340.20337 	0.01382 	45.00081 	20.50805
11600.00000 	340.84954 	0.01383 	45.00081 	20.50805
11700.00000 	341.51885 	0.01384 	45.00081 	20.50805
11800.00000 	342.21221 	0.01386 	45.00081 	20.50805
11900.00000 	342.91442 	0.01390 	45.00081 	20.50805
12000.00000 	343.83235 	0.01391 	45.00081 	20.50805
12100.00000 	344.73951 	0.01392 	45.00081 	20.50805
12200.00000 	345.72820 	0.01395 	45.00081 	20.50805
12300.00000 	347.40584 	0.01396 	45.00081 	20.50805
12400.00000 	349.70261 	0.01400 	45.00081 	20.50805
12500.00000 	352.55354 	0.01640 	45.00081 	20.50805
12600.00000 	355.43190 	0.01819 	45.00081 	20.50805
12700.00000 	358.28882 	0.02006 	45.00081 	20.50805
12800.00000 	361.59935 	0.02285 	45.00081 	20.50805
12900.00000 	365.04604 	0.02626 	45.00081 	20.50805
13000.00000 	368.74549 	0.03051 	45.00081 	20.50805
13100.00000 	372.31032 	0.03501 	45.00081 	20.50805
13200.00000 	374.28148 	0.03642 	45.00081 	20.50805
13300.00000 	376.30431 	0.03793 	45.00081 	20.50805
13400.00000 	378.34571 	0.03947 	45.00081 	20.50805
13500.00000 	380.44140 	0.04113 	45.00081 	20.50805
13600.00000 	382.57551 	0.04282 	45.00081 	20.50805
13700.00000 	384.73195 	0.04458 	45.00081 	20.50805
13800.00000 	385.74217 	0.04369 	45.00081 	20.50805
13900.00000 	386.70649 	0.04261 	45.00081 	20.50805
14000.00000 	387.67804 	0.04150 	45.00081 	20.50805
14100.00000 	388.67525 	0.04048 	43.75045 	20.50352
14200.00000 	389.71693 	0.03949 	42.50036 	20.50888
14300.00000 	390.76837 	0.03848 	41.25337 	20.50528
14400.00000 	391.86641 	0.03755 	40.00268 	20.50566
14500.00000 	392.97616 	0.03659 	38.74871 	20.50773
14600.00000 	394.11669 	0.03571 	37.50001 	20.50514
14700.00000 	395.30746 	0.03486 	36.24981 	20.50916
14800.00000 	396.51328 	0.03399 	34.99770 	20.50840
14900.00000 	397.75366 	0.03314 	33.75307 	20.50606
15000.00000 	398.94954 	0.03238 	32.50047 	20.50627
15100.00000 	400.16038 	0.03156 	31.24925 	20.51131
15200.00000 	401.11634 	0.03072 	29.99924 	20.51016
15300.00000 	402.09703 	0.02990 	28.75180 	20.50846
15400.00000 	403.12216 	0.02915 	27.49986 	20.50523
15500.00000 	404.15499 	0.02838 	26.24886 	20.50785
15600.00000 	405.21525 	0.02764 	24.99899 	20.50519
15700.00000 	406.30394 	0.02695 	23.74787 	20.50585
15800.00000 	407.30816 	0.02622 	22.50005 	20.50939
15900.00000 	408.45475 	0.02554 	21.24862 	20.50523
16000.00000 	409.63300 	0.02488 	19.99844 	20.50748
16100.00000 	411.09755 	0.02429 	19.99844 	20.50748
16200.00000 	412.58232 	0.02372 	19.99844 	20.50748
16300.00000 	414.07499 	0.02316 	19.99844 	20.50748
16400.00000 	415.58796 	0.02261 	19.99844 	20.50748
16500.00000 	417.10832 	0.02210 	19.99844 	20.50748
16600.00000 	418.63546 	0.02157 	19.99844 	20.50748
16700.00000 	420.16873 	0.02106 	19.99844 	20.50748
16800.00000 	421.73572 	0.02055 	19.99844 	20.50748
16900.00000 	423.29423 	0.02006 	19.99844 	20.50748
17000.00000 	424.87208 	0.01957 	19.99844 	20.50748
17100.00000 	426.46945 	0.01910 	19.99844 	20.50748
17200.00000 	428.08652 	0.01864 	19.99844 	20.50748
17300.00000 	429.70757 	0.01818 	19.99844 	20.50748
17400.00000 	431.33165 	0.01776 	19.99844 	20.50748
17500.00000 	432.99092 	0.01733 	19.99844 	20.50748
17600.00000 	434.65261 	0.01690 	19.99844 	20.50748
17700.00000 	436.31559 	0.01649 	19.99844 	20.50748
17800.00000 	438.01427 	0.01608 	19.99844 	20.50748
17900.00000 	439.71340 	0.01568 	19.99844 	20.50748
18000.00000 	441.44899 	0.01529 	19.99844 	20.50748
18100.00000 	443.16492 	0.01491 	19.99844 	20.50748
18200.00000 	444.91712 	0.01456 	19.99844 	20.50748
18300.00000 	446.68675 	0.01420 	19.99844 	20.50748
18400.00000 	448.47364 	0.01384 	19.99844 	20.50748
18500.00000 	450.25651 	0.01349 	19.99844 	20.50748
18600.00000 	452.07670 	0.01315 	19.99844 	20.50748
18700.00000 	453.91338 	0.01282 	19.99844 	20.50748
18800.00000 	455.74352 	0.01249 	19.99844 	20.50748
18900.00000 	457.61152 	0.01218 	19.99844 	20.50748
19000.00000 	459.49482 	0.01187 	19.99844 	20.50748
19100.00000 	461.39292 	0.01158 	19.99844 	20.50748
19200.00000 	463.30529 	0.01129 	19.99844 	20.50748
19300.00000 	465.23130 	0.01100 	19.99844 	20.50748
19400.00000 	467.17028 	0.01071 	19.99844 	20.50748
19500.00000 	469.12148 	0.01043 	19.99844 	20.50748
19600.00000 	471.11175 	0.01016 	19.99844 	20.50748
19700.00000 	473.11394 	0.00990 	19.99844 	20.50748
19800.00000 	475.12712 	0.00964 	19.99844 	20.50748
19900.00000 	477.18015 	0.00939 	19.99844 	20.50748
20000.00000 	479.24360 	0.00916 	19.99844 	20.50748
