%TITLE%
 IDEAL	010101/1200

   LEVEL	HGHT	TEMP	DWPT	WDIR	WSPD
------------------------------------------------------------------
%RAW%
 957.10,  0.00,  32.22,  17.78,  191.26,  6.03
 946.60,  100.00,  30.33,  18.44,  190.83,  6.47
 936.10,  200.00,  29.94,  17.99,  190.63,  7.08
 925.60,  300.00,  29.55,  17.54,  190.43,  7.68
 915.30,  400.00,  29.06,  16.87,  191.85,  7.85
 905.10,  500.00,  28.56,  16.19,  193.36,  8.01
 895.00,  600.00,  27.81,  15.71,  195.33,  8.40
 885.00,  700.00,  26.81,  15.43,  197.74,  9.06
 874.90,  800.00,  25.81,  15.15,  200.18,  9.72
 865.10,  900.00,  24.79,  14.79,  204.63,  10.26
 855.30,  1000.00,  23.77,  14.42,  209.09,  10.87
 845.50,  1100.00,  22.79,  14.07,  213.35,  11.24
 835.90,  1200.00,  21.88,  13.74,  217.38,  11.31
 826.30,  1300.00,  20.96,  13.40,  221.40,  11.45
 816.90,  1400.00,  20.09,  12.82,  227.81,  12.38
 807.50,  1500.00,  19.23,  12.19,  234.59,  13.61
 798.10,  1600.00,  18.37,  11.53,  240.67,  14.83
 788.90,  1700.00,  17.57,  10.69,  244.08,  15.61
 779.70,  1800.00,  16.77,  9.86,  247.49,  16.44
 770.60,  1900.00,  16.00,  8.69,  249.94,  17.11
 761.60,  2000.00,  15.25,  7.18,  251.39,  17.57
 752.60,  2100.00,  14.51,  5.66,  252.84,  18.02
 743.80,  2200.00,  13.65,  4.53,  254.15,  18.41
 735.00,  2300.00,  12.75,  3.55,  255.42,  18.78
 726.30,  2400.00,  11.84,  2.57,  256.68,  19.15
 717.70,  2500.00,  10.97,  2.18,  256.50,  20.00
 709.10,  2600.00,  10.11,  1.90,  256.08,  20.92
 700.50,  2700.00,  9.26,  1.61,  255.67,  21.85
 692.20,  2800.00,  8.51,  1.56,  255.07,  22.12
 683.90,  2900.00,  7.77,  1.53,  254.46,  22.35
 675.60,  3000.00,  7.02,  1.50,  253.85,  22.59
 667.50,  3100.00,  6.22,  1.00,  255.19,  22.33
 659.50,  3200.00,  5.42,  0.46,  256.69,  22.04
 651.40,  3300.00,  4.61, -0.08,  258.18,  21.79
 643.50,  3400.00,  3.81, -0.65,  260.07,  21.48
 635.60,  3500.00,  3.01, -1.23,  262.05,  21.19
 627.80,  3600.00,  2.21, -1.81,  264.02,  20.94
 620.10,  3700.00,  1.43, -2.42,  265.78,  20.78
 612.50,  3800.00,  0.66, -3.03,  267.41,  20.66
 604.80,  3900.00, -0.12, -3.65,  269.04,  20.59
 597.30,  4000.00, -0.87, -4.29,  270.12,  20.60
 589.90,  4100.00, -1.57, -4.97,  270.25,  20.76
 582.60,  4200.00, -2.27, -5.65,  270.37,  20.92
 575.20,  4300.00, -2.97, -6.32,  270.49,  21.09
 568.00,  4400.00, -3.65, -7.00,  270.71,  21.36
 560.90,  4500.00, -4.34, -7.67,  270.94,  21.65
 553.80,  4600.00, -5.02, -8.34,  271.16,  21.95
 546.80,  4700.00, -5.69, -9.05,  271.58,  22.55
 539.90,  4800.00, -6.34, -9.81,  272.23,  23.48
 533.00,  4900.00, -7.00, -10.56,  272.88,  24.43
 526.10,  5000.00, -7.65, -11.32,  273.52,  25.39
 519.50,  5100.00, -8.34, -12.15,  273.69,  26.05
 512.90,  5200.00, -9.04, -13.01,  273.77,  26.63
 506.20,  5300.00, -9.73, -13.86,  273.84,  27.21
 499.60,  5400.00, -10.43, -14.72,  273.89,  27.80
 493.30,  5500.00, -11.11, -15.54,  273.59,  28.22
 486.90,  5600.00, -11.80, -16.36,  273.29,  28.67
 480.60,  5700.00, -12.48, -17.19,  272.99,  29.10
 474.20,  5800.00, -13.16, -18.00,  272.64,  29.53
 468.10,  5900.00, -13.81, -18.68,  271.88,  29.95
 462.00,  6000.00, -14.46, -19.37,  271.13,  30.40
 455.90,  6100.00, -15.11, -20.05,  270.38,  30.85
 449.90,  6200.00, -15.76, -20.74,  269.62,  31.32
 444.00,  6300.00, -16.39, -21.44,  268.63,  31.68
 438.20,  6400.00, -17.03, -22.14,  267.63,  32.05
 432.40,  6500.00, -17.67, -22.83,  266.64,  32.44
 426.60,  6600.00, -18.31, -23.53,  265.65,  32.85
 420.90,  6700.00, -18.96, -24.31,  264.55,  33.24
 415.40,  6800.00, -19.61, -25.10,  263.41,  33.63
 409.80,  6900.00, -20.25, -25.90,  262.26,  34.06
 404.30,  7000.00, -20.90, -26.70,  261.12,  34.48
 398.80,  7100.00, -21.57, -27.51,  260.15,  34.81
 393.50,  7200.00, -22.28, -28.37,  259.75,  34.85
 388.20,  7300.00, -22.99, -29.24,  259.35,  34.87
 382.90,  7400.00, -23.70, -30.10,  258.95,  34.91
 377.60,  7500.00, -24.41, -30.96,  258.55,  34.95
 372.50,  7600.00, -25.14, -31.85,  258.35,  34.89
 367.50,  7700.00, -25.91, -32.77,  258.35,  34.76
 362.40,  7800.00, -26.67, -33.69,  258.36,  34.60
 357.40,  7900.00, -27.44, -34.60,  258.36,  34.46
 352.40,  8000.00, -28.20, -35.52,  258.36,  34.33
 347.50,  8100.00, -28.98, -36.45,  258.32,  34.23
 342.80,  8200.00, -29.76, -37.40,  258.23,  34.19
 338.00,  8300.00, -30.54, -38.34,  258.14,  34.17
 333.30,  8400.00, -31.32, -39.28,  258.06,  34.13
 328.50,  8500.00, -32.10, -40.23,  257.97,  34.09
 323.80,  8600.00, -32.87, -41.18,  257.88,  34.08
 319.30,  8700.00, -33.62, -42.14,  257.74,  34.08
 314.90,  8800.00, -34.38, -43.11,  257.61,  34.08
 310.40,  8900.00, -35.13, -44.08,  257.48,  34.08
 305.90,  9000.00, -35.89, -45.05,  257.35,  34.06
 301.40,  9100.00, -36.64, -46.01,  257.22,  34.06
 297.10,  9200.00, -37.38, -46.95,  257.09,  33.94
 293.00,  9300.00, -38.12, -47.88,  256.95,  33.76
 288.80,  9400.00, -38.86, -48.80,  256.81,  33.59
 284.60,  9500.00, -39.60, -49.73,  256.67,  33.41
 280.40,  9600.00, -40.33, -50.65,  256.54,  33.26
 276.20,  9700.00, -41.07, -51.58,  256.40,  33.08
 272.20,  9800.00, -41.81, -52.43,  256.52,  32.83
 268.30,  9900.00, -42.55, -53.26,  256.73,  32.58
 264.40,  10000.00, -43.29, -54.09,  256.95,  32.31
 260.50,  10100.00, -44.03, -54.92,  257.17,  32.03
 256.60,  10200.00, -44.76, -55.74,  257.38,  31.78
 252.70,  10300.00, -45.50, -56.57,  257.60,  31.51
 248.90,  10400.00, -46.26, -57.35,  257.89,  31.24
 245.30,  10500.00, -47.05, -58.03,  258.31,  30.91
 241.60,  10600.00, -47.84, -58.71,  258.74,  30.60
 238.00,  10700.00, -48.64, -59.38,  259.17,  30.29
 234.40,  10800.00, -49.43, -60.06,  259.60,  29.97
 230.80,  10900.00, -50.22, -60.74,  260.03,  29.66
 227.20,  11000.00, -51.01, -61.41,  260.46,  29.35
 223.70,  11100.00, -51.80, -62.08,  260.90,  29.10
 220.40,  11200.00, -52.59, -62.71,  261.38,  28.96
 217.10,  11300.00, -53.37, -63.35,  261.85,  28.83
 213.80,  11400.00, -54.16, -63.99,  262.33,  28.69
 210.50,  11500.00, -54.95, -64.62,  262.80,  28.56
 207.10,  11600.00, -55.73, -65.26,  263.28,  28.42
 203.80,  11700.00, -56.52, -65.90,  263.75,  28.30
 200.50,  11800.00, -57.30, -66.53,  264.23,  28.17
 197.40,  11900.00, -58.05, -67.06,  264.71,  28.56
 194.40,  12000.00, -58.79, -67.57,  265.19,  29.04
 191.40,  12100.00, -59.53, -68.08,  265.67,  29.51
 188.40,  12200.00, -60.27, -68.59,  266.15,  29.99
 185.40,  12300.00, -61.01, -69.10,  266.63,  30.48
 182.40,  12400.00, -61.74, -69.60,  267.11,  30.98
 179.40,  12500.00, -62.48, -70.11,  267.59,  31.47
 176.40,  12600.00, -63.22, -70.62,  268.06,  31.96
 173.60,  12700.00, -63.81, -71.06,  268.51,  32.29
 170.90,  12800.00, -64.25, -71.45,  268.92,  32.46
 168.20,  12900.00, -64.70, -71.83,  269.33,  32.66
 165.50,  13000.00, -65.15, -72.22,  269.74,  32.83
 162.80,  13100.00, -65.59, -72.60,  270.15,  33.03
 160.10,  13200.00, -66.04, -72.99,  270.56,  33.20
 157.50,  13300.00, -66.49, -73.37,  270.97,  33.40
 154.80,  13400.00, -66.93, -73.76,  271.38,  33.59
 152.10,  13500.00, -67.38, -74.14,  271.79,  33.78
 149.50,  13600.00, -67.69, -74.39,  272.13,  33.82
 147.20,  13700.00, -67.52, -74.14,  272.24,  33.38
 145.00,  13800.00, -67.35, -73.90,  272.35,  32.93
 142.70,  13900.00, -67.17, -73.65,  272.45,  32.48
 140.40,  14000.00, -67.00, -73.41,  272.56,  32.03
 138.20,  14100.00, -66.83, -73.16,  272.67,  31.57
 135.90,  14200.00, -66.65, -72.92,  272.78,  31.12
 133.60,  14300.00, -66.48, -72.67,  272.88,  30.67
 131.40,  14400.00, -66.31, -72.43,  272.99,  30.23
 129.10,  14500.00, -66.13, -72.18,  273.10,  29.78
 126.80,  14600.00, -65.96, -71.94,  273.20,  29.33
 124.70,  14700.00, -65.84, -71.76,  273.18,  28.92
 122.80,  14800.00, -65.96, -71.85,  272.57,  28.79
 121.00,  14900.00, -66.08, -71.95,  271.97,  28.63
 119.10,  15000.00, -66.19, -72.04,  271.36,  28.50
 117.30,  15100.00, -66.31, -72.14,  270.76,  28.36
 115.40,  15200.00, -66.43, -72.23,  270.16,  28.22
 113.60,  15300.00, -66.54, -72.33,  269.55,  28.09
 111.70,  15400.00, -66.66, -72.42,  268.95,  27.95
 109.90,  15500.00, -66.78, -72.52,  268.34,  27.84
 108.00,  15600.00, -66.89, -72.62,  267.74,  27.70
 106.20,  15700.00, -67.01, -72.71,  267.13,  27.58
 104.30,  15800.00, -67.13, -72.81,  266.53,  27.47
 102.50,  15900.00, -67.24, -72.90,  265.92,  27.35
 100.60,  16000.00, -67.36, -73.00,  265.32,  27.23
%END%
