993.70000 	299.56070 	16.97753
0.00000 	299.56043 	16.97753 	-0.00000 	0.00000
100.00000 	299.91906 	16.76287 	-0.00000 	2.75228
200.00000 	300.14811 	16.58238 	-0.00000 	5.49941
300.00000 	300.34621 	16.35240 	0.53615 	9.47119
400.00000 	300.58651 	16.17547 	1.07133 	11.06540
500.00000 	301.19391 	16.05193 	1.60716 	12.25718
600.00000 	301.94722 	15.81586 	2.14179 	13.22381
700.00000 	302.67355 	15.51175 	2.67836 	14.05376
800.00000 	303.38213 	14.87026 	3.21428 	14.77917
900.00000 	303.94010 	14.34412 	3.75069 	15.42104
1000.00000 	304.37612 	13.73398 	4.28603 	15.99570
1100.00000 	304.57465 	13.19003 	4.82111 	16.51902
1200.00000 	304.68954 	12.83440 	5.35714 	16.99067
1300.00000 	304.80351 	12.48678 	5.89348 	17.42154
1400.00000 	304.82186 	12.11598 	6.43012 	17.81157
1500.00000 	304.85980 	11.77676 	6.96617 	18.16644
1600.00000 	304.93826 	11.45461 	7.50121 	18.49178
1700.00000 	305.18483 	11.11580 	8.03659 	18.78698
1800.00000 	305.59055 	10.76475 	8.57059 	19.05265
1900.00000 	305.91159 	10.38749 	9.10716 	19.29248
2000.00000 	306.33965 	9.95975 	9.64395 	19.51305
2100.00000 	306.76832 	9.63975 	10.17867 	19.70393
2200.00000 	307.26213 	9.36721 	10.71483 	19.87466
2300.00000 	307.78920 	9.12634 	11.25157 	20.02549
2400.00000 	308.37145 	8.91534 	11.78548 	20.15228
2500.00000 	308.91132 	8.68392 	12.32172 	20.25770
2600.00000 	309.45306 	8.45261 	12.85877 	20.34842
2700.00000 	310.00538 	8.23676 	13.39400 	20.41370
2800.00000 	310.49365 	7.98688 	13.93227 	20.46228
2900.00000 	310.94751 	7.73117 	14.46656 	20.49247
3000.00000 	311.34722 	7.45669 	14.99974 	20.50205
3100.00000 	311.71468 	7.17086 	15.49986 	20.50192
3200.00000 	312.10173 	6.90319 	15.99965 	20.50073
3300.00000 	312.56809 	6.67864 	16.50231 	20.50274
3400.00000 	313.03182 	6.45914 	17.00144 	20.50016
3500.00000 	313.53315 	6.25663 	17.49994 	20.50429
3600.00000 	314.05187 	6.07077 	17.99834 	20.50151
3700.00000 	314.62040 	5.89989 	18.49978 	20.50286
3800.00000 	315.17460 	5.73620 	19.00088 	20.50472
3900.00000 	315.61378 	5.53500 	19.50167 	20.50025
4000.00000 	315.96470 	5.31411 	20.00202 	20.50398
4100.00000 	316.46210 	5.15426 	20.50192 	20.50192
4200.00000 	316.90628 	4.97371 	21.00133 	20.50149
4300.00000 	317.28220 	4.77390 	21.50023 	20.50304
4400.00000 	317.61262 	4.56425 	22.00220 	20.50303
4500.00000 	318.14243 	4.41330 	22.49982 	20.50200
4600.00000 	318.66321 	4.26391 	23.00040 	20.49981
4700.00000 	319.15162 	4.10674 	23.50034 	20.50066
4800.00000 	319.50138 	3.91860 	24.00321 	20.50068
4900.00000 	319.80377 	3.73061 	24.50147 	20.50095
5000.00000 	320.17592 	3.57404 	25.00257 	20.50082
5100.00000 	320.38195 	3.38614 	25.49890 	20.50164
5200.00000 	320.58794 	3.20476 	26.00156 	20.49798
5300.00000 	320.63790 	3.00106 	26.49982 	20.50356
5400.00000 	320.89868 	2.84718 	27.00029 	20.50176
5500.00000 	321.09341 	2.68371 	27.50343 	20.50043
5600.00000 	321.24045 	2.52063 	28.00151 	20.50152
5700.00000 	321.43691 	2.37536 	28.50220 	20.50354
5800.00000 	321.67610 	2.24933 	29.00128 	20.50367
5900.00000 	322.00156 	2.14004 	29.50291 	20.50505
6000.00000 	322.40220 	2.04415 	30.00282 	20.50493
6100.00000 	322.70581 	1.93761 	30.37626 	20.50448
6200.00000 	323.11044 	1.84706 	30.75496 	20.50325
6300.00000 	323.44291 	1.75004 	31.13107 	20.50378
6400.00000 	323.63386 	1.64923 	31.50455 	20.50623
6500.00000 	324.09331 	1.58027 	31.87897 	20.50524
6600.00000 	324.55893 	1.51499 	32.25071 	20.50642
6700.00000 	325.12349 	1.46013 	32.62768 	20.50701
6800.00000 	325.52609 	1.39016 	33.00554 	20.50420
6900.00000 	325.93106 	1.32215 	33.38068 	20.50382
7000.00000 	325.95791 	1.22630 	33.75307 	20.50606
7100.00000 	325.99400 	1.13607 	34.12628 	20.50514
7200.00000 	326.23713 	1.06518 	34.50470 	20.50368
7300.00000 	326.56329 	1.00443 	34.88033 	20.50511
7400.00000 	326.87151 	0.94641 	35.25674 	20.50344
7500.00000 	327.34560 	0.90473 	35.63032 	20.50490
7600.00000 	327.52032 	0.84672 	36.00464 	20.50338
7700.00000 	327.90597 	0.80243 	36.37609 	20.50524
7800.00000 	328.21457 	0.75607 	36.75273 	20.50675
7900.00000 	328.60476 	0.71553 	37.13008 	20.50536
8000.00000 	328.93133 	0.67256 	37.50452 	20.50761
8100.00000 	329.04673 	0.62304 	37.87963 	20.50708
8200.00000 	329.28453 	0.58130 	38.25539 	20.50376
8300.00000 	329.30956 	0.53421 	38.62820 	20.50440
8400.00000 	329.60613 	0.50092 	39.00619 	20.50477
8500.00000 	329.90461 	0.46988 	39.37665 	20.50692
8600.00000 	330.00047 	0.43458 	39.75585 	20.50195
8700.00000 	330.28804 	0.40681 	40.12848 	20.50827
8800.00000 	330.34247 	0.37490 	40.50527 	20.50507
8900.00000 	330.78380 	0.35410 	40.87904 	20.50641
9000.00000 	330.97692 	0.32923 	41.25337 	20.50528
9100.00000 	331.20146 	0.30575 	41.62823 	20.50168
9200.00000 	331.38120 	0.28364 	42.00466 	20.50519
9300.00000 	331.72163 	0.26686 	42.37698 	20.50409
9400.00000 	332.09107 	0.25152 	42.75445 	20.50285
9500.00000 	332.30623 	0.23404 	43.12884 	20.50676
9600.00000 	332.89127 	0.22327 	43.50372 	20.50841
9700.00000 	333.32773 	0.21012 	43.87909 	20.50779
9800.00000 	333.80607 	0.19826 	44.25492 	20.50491
9900.00000 	334.12999 	0.18483 	44.62764 	20.50755
10000.00000 	334.61574 	0.17412 	45.00081 	20.50805
10100.00000 	335.25131 	0.16542 	45.00081 	20.50805
10200.00000 	335.72526 	0.15481 	45.00081 	20.50805
10300.00000 	336.24252 	0.14526 	45.00081 	20.50805
10400.00000 	336.54584 	0.13415 	45.00081 	20.50805
10500.00000 	336.86913 	0.12384 	45.00081 	20.50805
10600.00000 	337.14279 	0.11451 	45.00081 	20.50805
10700.00000 	337.37172 	0.10587 	45.00081 	20.50805
10800.00000 	337.63208 	0.09783 	45.00081 	20.50805
10900.00000 	337.90964 	0.09047 	45.00081 	20.50805
11000.00000 	338.20504 	0.08361 	45.00081 	20.50805
11100.00000 	338.50383 	0.07706 	45.00081 	20.50805
11200.00000 	338.83694 	0.07116 	45.00081 	20.50805
11300.00000 	339.19005 	0.06567 	45.00081 	20.50805
11400.00000 	339.56395 	0.06051 	45.00081 	20.50805
11500.00000 	339.95947 	0.05579 	45.00081 	20.50805
11600.00000 	340.36633 	0.05217 	45.00081 	20.50805
11700.00000 	340.74727 	0.04838 	45.00081 	20.50805
11800.00000 	341.20945 	0.04554 	45.00081 	20.50805
11900.00000 	341.67746 	0.04281 	45.00081 	20.50805
12000.00000 	342.11955 	0.04036 	45.00081 	20.50805
12100.00000 	343.72538 	0.04102 	45.00081 	20.50805
12200.00000 	345.31547 	0.04169 	45.00081 	20.50805
12300.00000 	346.83671 	0.04234 	45.00081 	20.50805
12400.00000 	348.44085 	0.04303 	45.00081 	20.50805
12500.00000 	350.02554 	0.04372 	45.00081 	20.50805
12600.00000 	351.64319 	0.04443 	45.00081 	20.50805
12700.00000 	353.23941 	0.04514 	45.00081 	20.50805
12800.00000 	354.86876 	0.04587 	45.00081 	20.50805
12900.00000 	356.47453 	0.04660 	45.00081 	20.50805
13000.00000 	358.11353 	0.04736 	45.00081 	20.50805
13100.00000 	359.72662 	0.04811 	45.00081 	20.50805
13200.00000 	361.43455 	0.04891 	45.00081 	20.50805
13300.00000 	363.11662 	0.04971 	45.00081 	20.50805
13400.00000 	364.83450 	0.05054 	45.00081 	20.50805
13500.00000 	366.52388 	0.05137 	45.00081 	20.50805
13600.00000 	368.24905 	0.05222 	45.00081 	20.50805
13700.00000 	369.94288 	0.05306 	45.00081 	20.50805
13800.00000 	371.74229 	0.05397 	45.00081 	20.50805
13900.00000 	373.43881 	0.05484 	45.00081 	20.50805
14000.00000 	375.17073 	0.05573 	45.00081 	20.50805
14100.00000 	376.93940 	0.05666 	43.75045 	20.50352
14200.00000 	378.67015 	0.05757 	42.50036 	20.50888
14300.00000 	380.43725 	0.05852 	41.25337 	20.50528
14400.00000 	382.16280 	0.05945 	40.00268 	20.50566
14500.00000 	384.00507 	0.06046 	38.74871 	20.50773
14600.00000 	385.72261 	0.06142 	37.50001 	20.50514
14700.00000 	387.39099 	0.06235 	36.24981 	20.50916
14800.00000 	389.17829 	0.06336 	34.99770 	20.50840
14900.00000 	391.00332 	0.06441 	33.75307 	20.50606
15000.00000 	392.77782 	0.06544 	32.50047 	20.50627
15100.00000 	394.68070 	0.06656 	31.24925 	20.51131
15200.00000 	396.53218 	0.06765 	29.99924 	20.51016
15300.00000 	398.51902 	0.06885 	28.75180 	20.50846
15400.00000 	400.45362 	0.07003 	27.49986 	20.50523
15500.00000 	402.13177 	0.07106 	26.24886 	20.50785
15600.00000 	403.94366 	0.07219 	24.99899 	20.50519
15700.00000 	405.68914 	0.07328 	23.74787 	20.50585
15800.00000 	407.46909 	0.07441 	22.50005 	20.50939
15900.00000 	409.39266 	0.07565 	21.24862 	20.50523
16000.00000 	411.24750 	0.07686 	19.99844 	20.50748
16100.00000 	413.39994 	0.07828 	19.99844 	20.50748
16200.00000 	415.55780 	0.07972 	19.99844 	20.50748
16300.00000 	417.75547 	0.08120 	19.99844 	20.50748
16400.00000 	419.95795 	0.08271 	19.99844 	20.50748
16500.00000 	422.17646 	0.08425 	19.99844 	20.50748
16600.00000 	424.42329 	0.08583 	19.99844 	20.50748
16700.00000 	426.68591 	0.08744 	19.99844 	20.50748
16800.00000 	428.97719 	0.08910 	19.99844 	20.50748
16900.00000 	431.28392 	0.09078 	19.99844 	20.50748
17000.00000 	433.60558 	0.09251 	19.99844 	20.50748
17100.00000 	435.95589 	0.09427 	19.99844 	20.50748
17200.00000 	438.32056 	0.09608 	19.99844 	20.50748
17300.00000 	440.71398 	0.09792 	19.99844 	20.50748
17400.00000 	443.12107 	0.09981 	19.99844 	20.50748
17500.00000 	445.55686 	0.10174 	19.99844 	20.50748
17600.00000 	448.00546 	0.10371 	19.99844 	20.50748
17700.00000 	450.49919 	0.10575 	19.99844 	20.50748
17800.00000 	452.98848 	0.10781 	19.99844 	20.50748
17900.00000 	455.52343 	0.10994 	19.99844 	20.50748
18000.00000 	458.06977 	0.11210 	19.99844 	20.50748
18100.00000 	460.64469 	0.11432 	19.99844 	20.50748
18200.00000 	463.22955 	0.11659 	19.99844 	20.50748
18300.00000 	465.86167 	0.11892 	19.99844 	20.50748
18400.00000 	468.50300 	0.12130 	19.99844 	20.50748
18500.00000 	471.17241 	0.12373 	19.99844 	20.50748
18600.00000 	473.86994 	0.12623 	19.99844 	20.50748
18700.00000 	476.59557 	0.12879 	19.99844 	20.50748
18800.00000 	479.34926 	0.13142 	19.99844 	20.50748
18900.00000 	482.10838 	0.13408 	19.99844 	20.50748
19000.00000 	484.91730 	0.13684 	19.99844 	20.50748
19100.00000 	487.75388 	0.13966 	19.99844 	20.50748
19200.00000 	490.59353 	0.14253 	19.99844 	20.50748
19300.00000 	493.48408 	0.14549 	19.99844 	20.50748
19400.00000 	496.40146 	0.14852 	19.99844 	20.50748
19500.00000 	499.34528 	0.15163 	19.99844 	20.50748
19600.00000 	502.31508 	0.15481 	19.99844 	20.50748
19700.00000 	505.31035 	0.15807 	19.99844 	20.50748
19800.00000 	508.33047 	0.16140 	19.99844 	20.50748
19900.00000 	511.40416 	0.16484 	19.99844 	20.50748
20000.00000 	514.50287 	0.16836 	19.99844 	20.50748
