993.70000 	298.97965 	18.14384
0.00000 	298.97938 	18.14384 	-0.00000 	0.00000
100.00000 	298.98436 	16.58084 	-0.00000 	2.75228
200.00000 	299.23053 	16.46541 	-0.00000 	5.49941
300.00000 	299.62795 	16.29975 	0.53615 	9.47119
400.00000 	299.98769 	16.09205 	1.07133 	11.06540
500.00000 	300.23674 	15.83506 	1.60716 	12.25718
600.00000 	300.62934 	15.49053 	2.14179 	13.22381
700.00000 	301.17710 	15.16211 	2.67836 	14.05376
800.00000 	301.80871 	14.87998 	3.21428 	14.77917
900.00000 	302.44403 	14.66764 	3.75069 	15.42104
1000.00000 	302.83369 	14.46717 	4.28603 	15.99570
1100.00000 	303.09981 	14.21256 	4.82111 	16.51902
1200.00000 	303.24106 	13.92469 	5.35714 	16.99067
1300.00000 	303.47568 	13.72313 	5.89348 	17.42154
1400.00000 	303.82526 	13.45377 	6.43012 	17.81157
1500.00000 	304.28090 	13.16075 	6.96617 	18.16644
1600.00000 	304.74816 	12.85731 	7.50121 	18.49178
1700.00000 	305.18483 	12.54960 	8.03659 	18.78698
1800.00000 	305.59055 	12.20832 	8.57059 	19.05265
1900.00000 	305.95426 	11.85072 	9.10716 	19.29248
2000.00000 	306.33965 	11.50966 	9.64395 	19.51305
2100.00000 	306.76832 	11.20725 	10.17867 	19.70393
2200.00000 	307.26213 	10.96363 	10.71483 	19.87466
2300.00000 	307.78920 	10.70956 	11.25157 	20.02549
2400.00000 	308.37145 	10.22551 	11.78548 	20.15228
2500.00000 	309.13996 	9.38219 	12.32172 	20.25770
2600.00000 	310.07581 	8.58401 	12.85877 	20.34842
2700.00000 	310.61930 	8.13870 	13.39400 	20.41370
2800.00000 	311.06568 	7.68722 	13.93227 	20.46228
2900.00000 	311.23450 	7.09247 	14.46656 	20.49247
3000.00000 	311.44691 	6.54890 	14.99974 	20.50205
3100.00000 	311.71468 	6.06072 	15.49986 	20.50192
3200.00000 	312.10173 	5.68248 	15.99965 	20.50073
3300.00000 	312.56809 	5.36117 	16.50231 	20.50274
3400.00000 	313.13290 	5.14185 	17.00144 	20.50016
3500.00000 	313.75858 	4.94266 	17.49994 	20.50429
3600.00000 	314.48166 	4.70251 	17.99834 	20.50151
3700.00000 	315.24467 	4.49065 	18.49978 	20.50286
3800.00000 	316.04025 	4.37139 	19.00088 	20.50472
3900.00000 	316.61961 	4.26756 	19.50167 	20.50025
4000.00000 	316.65282 	4.19927 	20.00202 	20.50398
4100.00000 	316.66923 	4.13167 	20.50192 	20.50192
4200.00000 	316.72151 	4.06611 	21.00133 	20.50149
4300.00000 	316.78389 	4.00188 	21.50023 	20.50304
4400.00000 	316.84505 	3.93898 	22.00220 	20.50303
4500.00000 	316.92855 	3.87738 	22.49982 	20.50200
4600.00000 	317.01143 	3.81706 	23.00040 	20.49981
4700.00000 	317.11746 	3.75802 	23.50034 	20.50066
4800.00000 	317.23533 	3.70024 	24.00321 	20.50068
4900.00000 	317.39914 	3.63320 	24.50147 	20.50095
5000.00000 	317.63202 	3.55732 	25.00257 	20.50082
5100.00000 	317.86471 	3.48320 	25.49890 	20.50164
5200.00000 	318.12142 	3.41080 	26.00156 	20.49798
5300.00000 	318.39064 	3.34010 	26.49982 	20.50356
5400.00000 	318.65522 	3.27041 	27.00029 	20.50176
5500.00000 	318.95044 	3.20300 	27.50343 	20.50043
5600.00000 	319.25944 	3.13719 	28.00151 	20.50152
5700.00000 	319.55823 	3.03025 	28.50220 	20.50354
5800.00000 	319.85180 	2.88069 	29.00128 	20.50367
5900.00000 	320.15826 	2.73794 	29.50291 	20.50505
6000.00000 	320.47800 	2.60383 	30.00282 	20.50493
6100.00000 	320.81147 	2.47378 	30.37626 	20.50448
6200.00000 	321.15913 	2.34973 	30.75496 	20.50325
6300.00000 	321.52144 	2.23329 	31.13107 	20.50378
6400.00000 	321.80549 	2.11327 	31.50455 	20.50623
6500.00000 	322.06969 	1.99706 	31.87897 	20.50524
6600.00000 	322.31346 	1.88628 	32.25071 	20.50642
6700.00000 	322.60365 	1.78156 	32.62768 	20.50701
6800.00000 	322.90765 	1.68219 	33.00554 	20.50420
6900.00000 	323.22592 	1.58791 	33.38068 	20.50382
7000.00000 	323.53696 	1.49685 	33.75307 	20.50606
7100.00000 	323.87206 	1.41217 	34.12628 	20.50514
7200.00000 	324.23575 	1.33190 	34.50470 	20.50368
7300.00000 	324.59277 	1.25554 	34.88033 	20.50511
7400.00000 	324.91927 	1.16486 	35.25674 	20.50344
7500.00000 	325.20309 	1.06107 	35.63032 	20.50490
7600.00000 	325.50078 	0.96572 	36.00464 	20.50338
7700.00000 	325.81279 	0.87737 	36.37609 	20.50524
7800.00000 	326.12638 	0.79714 	36.75273 	20.50675
7900.00000 	326.46846 	0.72293 	37.13008 	20.50536
8000.00000 	326.82638 	0.65565 	37.50452 	20.50761
8100.00000 	327.20071 	0.59410 	37.87963 	20.50708
8200.00000 	327.57860 	0.53731 	38.25539 	20.50376
8300.00000 	328.05518 	0.48772 	38.62820 	20.50440
8400.00000 	328.87484 	0.44950 	39.00619 	20.50477
8500.00000 	329.67348 	0.41432 	39.37665 	20.50692
8600.00000 	330.50558 	0.38129 	39.75585 	20.50195
8700.00000 	331.22009 	0.35339 	40.12848 	20.50827
8800.00000 	331.78742 	0.33061 	40.50527 	20.50507
8900.00000 	332.38659 	0.30949 	40.87904 	20.50641
9000.00000 	332.96073 	0.28924 	41.25337 	20.50528
9100.00000 	333.58360 	0.27058 	41.62823 	20.50168
9200.00000 	333.98280 	0.25498 	42.00466 	20.50519
9300.00000 	334.10852 	0.24200 	42.37698 	20.50409
9400.00000 	334.24760 	0.22988 	42.75445 	20.50285
9500.00000 	334.40048 	0.21810 	43.12884 	20.50676
9600.00000 	334.55346 	0.20710 	43.50372 	20.50841
9700.00000 	334.76854 	0.19670 	43.87909 	20.50779
9800.00000 	334.96631 	0.18652 	44.25492 	20.50491
9900.00000 	335.17999 	0.17703 	44.62764 	20.50755
10000.00000 	335.41017 	0.16782 	45.00081 	20.50805
10100.00000 	335.65748 	0.15923 	45.00081 	20.50805
10200.00000 	335.95839 	0.15095 	45.00081 	20.50805
10300.00000 	336.24252 	0.14319 	45.00081 	20.50805
10400.00000 	336.54584 	0.13580 	45.00081 	20.50805
10500.00000 	336.86913 	0.12864 	45.00081 	20.50805
10600.00000 	337.14279 	0.11885 	45.00081 	20.50805
10700.00000 	337.37172 	0.10806 	45.00081 	20.50805
10800.00000 	337.63208 	0.09828 	45.00081 	20.50805
10900.00000 	337.90964 	0.08922 	45.00081 	20.50805
11000.00000 	338.20504 	0.08093 	45.00081 	20.50805
11100.00000 	338.50383 	0.07336 	45.00081 	20.50805
11200.00000 	338.83694 	0.06644 	45.00081 	20.50805
11300.00000 	339.19005 	0.06012 	45.00081 	20.50805
11400.00000 	339.56395 	0.05436 	45.00081 	20.50805
11500.00000 	339.95947 	0.04918 	45.00081 	20.50805
11600.00000 	340.36633 	0.04731 	45.00081 	20.50805
11700.00000 	340.74727 	0.04545 	45.00081 	20.50805
11800.00000 	341.20945 	0.04367 	45.00081 	20.50805
11900.00000 	341.67746 	0.04202 	45.00081 	20.50805
12000.00000 	342.11955 	0.04036 	45.00081 	20.50805
12100.00000 	342.64792 	0.03878 	45.00081 	20.50805
12200.00000 	343.32568 	0.03801 	45.00081 	20.50805
12300.00000 	344.16664 	0.03807 	45.00081 	20.50805
12400.00000 	345.06775 	0.03811 	45.00081 	20.50805
12500.00000 	345.94328 	0.03814 	45.00081 	20.50805
12600.00000 	346.79640 	0.03818 	45.00081 	20.50805
12700.00000 	347.62158 	0.03825 	45.00081 	20.50805
12800.00000 	348.45616 	0.03829 	45.00081 	20.50805
12900.00000 	349.14555 	0.03693 	45.00081 	20.50805
13000.00000 	349.74385 	0.03446 	45.00081 	20.50805
13100.00000 	350.30769 	0.03213 	45.00081 	20.50805
13200.00000 	350.95457 	0.02997 	45.00081 	20.50805
13300.00000 	351.56679 	0.02792 	45.00081 	20.50805
13400.00000 	352.42276 	0.02656 	45.00081 	20.50805
13500.00000 	353.80123 	0.02657 	45.00081 	20.50805
13600.00000 	355.29676 	0.02662 	45.00081 	20.50805
13700.00000 	356.99923 	0.02663 	45.00081 	20.50805
13800.00000 	358.82136 	0.02670 	45.00081 	20.50805
13900.00000 	360.78599 	0.02670 	45.00081 	20.50805
14000.00000 	362.80513 	0.02675 	45.00081 	20.50805
14100.00000 	364.86302 	0.02677 	43.75045 	20.50352
14200.00000 	366.59069 	0.02310 	42.50036 	20.50888
14300.00000 	368.35403 	0.01977 	41.25337 	20.50528
14400.00000 	370.06001 	0.01688 	40.00268 	20.50566
14500.00000 	371.89704 	0.01437 	38.74871 	20.50773
14600.00000 	373.29371 	0.01431 	37.50001 	20.50514
14700.00000 	374.62260 	0.01431 	36.24981 	20.50916
14800.00000 	376.06396 	0.01434 	34.99770 	20.50840
14900.00000 	377.53909 	0.01438 	33.75307 	20.50606
15000.00000 	378.96278 	0.01439 	32.50047 	20.50627
15100.00000 	380.50763 	0.01443 	31.24925 	20.51131
15200.00000 	382.00016 	0.01444 	29.99924 	20.51016
15300.00000 	383.62026 	0.01449 	28.75180 	20.50846
15400.00000 	385.11333 	0.01452 	27.49986 	20.50523
15500.00000 	385.96716 	0.01452 	26.24886 	20.50785
15600.00000 	386.94276 	0.01453 	24.99899 	20.50519
15700.00000 	387.84802 	0.01452 	23.74787 	20.50585
15800.00000 	388.77957 	0.01454 	22.50005 	20.50939
15900.00000 	389.84116 	0.01456 	21.24862 	20.50523
16000.00000 	390.83015 	0.01456 	19.99844 	20.50748
16100.00000 	392.09440 	0.01460 	19.99844 	20.50748
16200.00000 	393.35564 	0.01464 	19.99844 	20.50748
16300.00000 	394.64633 	0.01468 	19.99844 	20.50748
16400.00000 	395.93325 	0.01472 	19.99844 	20.50748
16500.00000 	397.22693 	0.01477 	19.99844 	20.50748
16600.00000 	398.53881 	0.01481 	19.99844 	20.50748
16700.00000 	399.85700 	0.01485 	19.99844 	20.50748
16800.00000 	401.19344 	0.01490 	19.99844 	20.50748
16900.00000 	402.53564 	0.01495 	19.99844 	20.50748
17000.00000 	403.88302 	0.01499 	19.99844 	20.50748
17100.00000 	405.24826 	0.01504 	19.99844 	20.50748
17200.00000 	406.61794 	0.01509 	19.99844 	20.50748
17300.00000 	408.00529 	0.01514 	19.99844 	20.50748
17400.00000 	409.39623 	0.01519 	19.99844 	20.50748
17500.00000 	410.80453 	0.01524 	19.99844 	20.50748
17600.00000 	412.21541 	0.01530 	19.99844 	20.50748
17700.00000 	413.65848 	0.01535 	19.99844 	20.50748
17800.00000 	415.08805 	0.01540 	19.99844 	20.50748
17900.00000 	416.54996 	0.01546 	19.99844 	20.50748
18000.00000 	418.01268 	0.01552 	19.99844 	20.50748
18100.00000 	419.49181 	0.01558 	19.99844 	20.50748
18200.00000 	420.97024 	0.01563 	19.99844 	20.50748
18300.00000 	422.48175 	0.01569 	19.99844 	20.50748
18400.00000 	423.99165 	0.01576 	19.99844 	20.50748
18500.00000 	425.51693 	0.01582 	19.99844 	20.50748
18600.00000 	427.05745 	0.01588 	19.99844 	20.50748
18700.00000 	428.61305 	0.01595 	19.99844 	20.50748
18800.00000 	430.18353 	0.01601 	19.99844 	20.50748
18900.00000 	431.74846 	0.01631 	19.99844 	20.50748
19000.00000 	433.34747 	0.01724 	19.99844 	20.50748
19100.00000 	434.96053 	0.01811 	19.99844 	20.50748
19200.00000 	436.56559 	0.01801 	19.99844 	20.50748
19300.00000 	438.20513 	0.01734 	19.99844 	20.50748
19400.00000 	439.85750 	0.01670 	19.99844 	20.50748
19500.00000 	441.52223 	0.01608 	19.99844 	20.50748
19600.00000 	443.19876 	0.01548 	19.99844 	20.50748
19700.00000 	444.88647 	0.01492 	19.99844 	20.50748
19800.00000 	446.58471 	0.01435 	19.99844 	20.50748
19900.00000 	448.31848 	0.01381 	19.99844 	20.50748
20000.00000 	450.06253 	0.01328 	19.99844 	20.50748
