988.30000 	298.19150 	15.26437
0.00000 	298.19100 	15.26437 	-0.00000 	0.00000
100.00000 	298.19723 	14.12991 	-0.00000 	2.75228
200.00000 	299.27323 	14.20314 	-0.00000 	5.49941
300.00000 	300.19330 	14.21203 	0.53615 	9.47119
400.00000 	300.70170 	14.15623 	1.07133 	11.06540
500.00000 	300.85647 	14.04384 	1.60716 	12.25718
600.00000 	300.94872 	13.89714 	2.14179 	13.22381
700.00000 	301.16364 	13.64350 	2.67836 	14.05376
800.00000 	301.47147 	13.34952 	3.21428 	14.77917
900.00000 	301.89373 	13.03484 	3.75069 	15.42104
1000.00000 	302.30707 	12.52487 	4.28603 	15.99570
1100.00000 	302.62807 	12.08046 	4.82111 	16.51902
1200.00000 	302.82442 	11.68871 	5.35714 	16.99067
1300.00000 	302.83193 	11.30774 	5.89348 	17.42154
1400.00000 	302.89031 	10.98921 	6.43012 	17.81157
1500.00000 	302.98932 	10.73033 	6.96617 	18.16644
1600.00000 	303.10843 	10.61274 	7.50121 	18.49178
1700.00000 	303.35384 	10.58811 	8.03659 	18.78698
1800.00000 	303.72677 	10.55041 	8.57059 	19.05265
1900.00000 	304.42085 	10.44120 	9.10716 	19.29248
2000.00000 	304.98884 	10.26223 	9.64395 	19.51305
2100.00000 	305.48313 	10.03722 	10.17867 	19.70393
2200.00000 	305.92445 	9.77563 	10.71483 	19.87466
2300.00000 	306.20452 	9.41597 	11.25157 	20.02549
2400.00000 	306.24406 	8.94090 	11.78548 	20.15228
2500.00000 	306.67387 	8.69723 	12.32172 	20.25770
2600.00000 	307.23624 	8.45422 	12.85877 	20.34842
2700.00000 	307.97550 	7.89824 	13.39400 	20.41370
2800.00000 	308.66184 	7.01989 	13.93227 	20.46228
2900.00000 	309.28351 	6.56215 	14.46656 	20.49247
3000.00000 	309.90628 	6.38926 	14.99974 	20.50205
3100.00000 	310.53000 	6.18851 	15.49986 	20.50192
3200.00000 	311.04275 	5.83315 	15.99965 	20.50073
3300.00000 	311.41162 	5.59017 	16.50231 	20.50274
3400.00000 	311.41700 	5.58900 	17.00144 	20.50016
3500.00000 	311.38215 	5.39238 	17.49994 	20.50429
3600.00000 	311.44857 	5.01670 	17.99834 	20.50151
3700.00000 	311.49873 	4.66051 	18.49978 	20.50286
3800.00000 	311.58333 	4.33121 	19.00088 	20.50472
3900.00000 	311.66609 	4.02301 	19.50167 	20.50025
4000.00000 	311.77017 	3.73182 	20.00202 	20.50398
4100.00000 	311.87293 	3.46242 	20.50192 	20.50192
4200.00000 	311.98614 	3.21067 	21.00133 	20.50149
4300.00000 	312.12174 	2.97319 	21.50023 	20.50304
4400.00000 	312.25690 	2.75383 	22.00220 	20.50303
4500.00000 	312.41526 	2.54713 	22.49982 	20.50200
4600.00000 	312.57383 	2.35642 	23.00040 	20.49981
4700.00000 	312.75645 	2.17868 	23.50034 	20.50066
4800.00000 	312.94002 	2.01148 	24.00321 	20.50068
4900.00000 	313.14857 	1.85748 	24.50147 	20.50095
5000.00000 	313.35886 	1.71278 	25.00257 	20.50082
5100.00000 	313.59517 	1.57967 	25.49890 	20.50164
5200.00000 	313.82789 	1.50971 	26.00156 	20.49798
5300.00000 	314.07503 	1.47062 	26.49982 	20.50356
5400.00000 	314.34682 	1.43136 	27.00029 	20.50176
5500.00000 	314.61388 	1.39409 	27.50343 	20.50043
5600.00000 	314.91192 	1.35694 	28.00151 	20.50152
5700.00000 	315.21164 	1.32082 	28.50220 	20.50354
5800.00000 	315.53793 	1.28682 	29.00128 	20.50367
5900.00000 	315.84728 	1.25515 	29.50291 	20.50505
6000.00000 	316.14474 	1.22594 	30.00282 	20.50493
6100.00000 	316.45555 	1.19641 	30.37626 	20.50448
6200.00000 	316.78015 	1.16868 	30.75496 	20.50325
6300.00000 	317.13893 	1.14191 	31.13107 	20.50378
6400.00000 	317.49281 	1.11558 	31.50455 	20.50623
6500.00000 	317.86665 	1.09161 	31.87897 	20.50524
6600.00000 	318.32821 	1.07730 	32.25071 	20.50642
6700.00000 	318.79256 	1.06425 	32.62768 	20.50701
6800.00000 	319.26411 	1.05030 	33.00554 	20.50420
6900.00000 	319.76055 	1.03784 	33.38068 	20.50382
7000.00000 	320.19468 	1.02125 	33.75307 	20.50606
7100.00000 	320.64424 	1.00503 	34.12628 	20.50514
7200.00000 	321.09676 	0.98917 	34.50470 	20.50368
7300.00000 	321.57870 	0.97368 	34.88033 	20.50511
7400.00000 	322.39678 	0.92468 	35.25674 	20.50344
7500.00000 	323.53593 	0.85258 	35.63032 	20.50490
7600.00000 	324.69723 	0.78562 	36.00464 	20.50338
7700.00000 	328.40359 	0.58721 	36.37609 	20.50524
7800.00000 	328.41964 	0.56052 	36.75273 	20.50675
7900.00000 	328.44662 	0.53497 	37.13008 	20.50536
8000.00000 	328.48490 	0.51051 	37.50452 	20.50761
8100.00000 	328.54829 	0.48710 	37.87963 	20.50708
8200.00000 	328.61038 	0.46425 	38.25539 	20.50376
8300.00000 	328.68496 	0.44283 	38.62820 	20.50440
8400.00000 	328.77247 	0.42235 	39.00619 	20.50477
8500.00000 	328.87336 	0.40276 	39.37665 	20.50692
8600.00000 	328.98811 	0.38403 	39.75585 	20.50195
8700.00000 	329.11722 	0.36576 	40.12848 	20.50827
8800.00000 	329.26121 	0.34866 	40.50527 	20.50507
8900.00000 	329.42064 	0.33232 	40.87904 	20.50641
9000.00000 	329.61001 	0.31670 	41.25337 	20.50528
9100.00000 	329.80214 	0.30179 	41.62823 	20.50168
9200.00000 	330.04247 	0.28735 	42.00466 	20.50519
9300.00000 	330.27032 	0.27376 	42.37698 	20.50409
9400.00000 	330.51682 	0.26078 	42.75445 	20.50285
9500.00000 	330.78275 	0.24840 	43.12884 	20.50676
9600.00000 	330.93667 	0.23378 	43.50372 	20.50841
9700.00000 	330.89187 	0.21695 	43.87909 	20.50779
9800.00000 	330.85834 	0.20124 	44.25492 	20.50491
9900.00000 	330.88531 	0.18644 	44.62764 	20.50755
10000.00000 	330.87607 	0.17278 	45.00081 	20.50805
10100.00000 	330.87935 	0.16003 	45.00081 	20.50805
10200.00000 	330.94607 	0.14805 	45.00081 	20.50805
10300.00000 	330.97636 	0.13700 	45.00081 	20.50805
10400.00000 	331.02061 	0.12671 	45.00081 	20.50805
10500.00000 	331.11677 	0.11718 	45.00081 	20.50805
10600.00000 	331.20597 	0.10815 	45.00081 	20.50805
10700.00000 	331.29598 	0.09988 	45.00081 	20.50805
10800.00000 	331.44143 	0.09224 	45.00081 	20.50805
10900.00000 	331.58024 	0.08500 	45.00081 	20.50805
11000.00000 	331.72160 	0.07839 	45.00081 	20.50805
11100.00000 	331.92241 	0.07228 	45.00081 	20.50805
11200.00000 	332.10176 	0.06651 	45.00081 	20.50805
11300.00000 	332.31631 	0.06124 	45.00081 	20.50805
11400.00000 	332.57961 	0.05639 	45.00081 	20.50805
11500.00000 	332.82189 	0.05187 	45.00081 	20.50805
11600.00000 	333.10229 	0.04763 	45.00081 	20.50805
11700.00000 	333.43653 	0.04379 	45.00081 	20.50805
11800.00000 	333.75042 	0.04022 	45.00081 	20.50805
11900.00000 	334.27984 	0.03677 	45.00081 	20.50805
12000.00000 	335.03945 	0.03329 	45.00081 	20.50805
12100.00000 	335.87220 	0.03014 	45.00081 	20.50805
12200.00000 	336.74756 	0.02727 	45.00081 	20.50805
12300.00000 	337.59937 	0.02625 	45.00081 	20.50805
12400.00000 	338.45818 	0.02627 	45.00081 	20.50805
12500.00000 	339.34323 	0.02629 	45.00081 	20.50805
12600.00000 	340.28827 	0.02635 	45.00081 	20.50805
12700.00000 	341.28875 	0.02637 	45.00081 	20.50805
12800.00000 	342.30116 	0.02639 	45.00081 	20.50805
12900.00000 	343.30199 	0.02645 	45.00081 	20.50805
13000.00000 	344.33128 	0.02647 	45.00081 	20.50805
13100.00000 	345.31355 	0.02652 	45.00081 	20.50805
13200.00000 	346.77189 	0.02656 	45.00081 	20.50805
13300.00000 	348.86761 	0.02657 	45.00081 	20.50805
13400.00000 	350.44177 	0.02662 	45.00081 	20.50805
13500.00000 	352.01653 	0.02630 	45.00081 	20.50805
13600.00000 	353.21772 	0.02018 	45.00081 	20.50805
13700.00000 	354.46714 	0.01541 	45.00081 	20.50805
13800.00000 	356.35449 	0.01419 	45.00081 	20.50805
13900.00000 	358.48872 	0.01421 	45.00081 	20.50805
14000.00000 	361.24003 	0.01423 	45.00081 	20.50805
14100.00000 	364.14020 	0.01425 	43.75045 	20.50352
14200.00000 	367.74040 	0.01845 	42.50036 	20.50888
14300.00000 	371.51268 	0.02585 	41.25337 	20.50528
14400.00000 	375.20640 	0.02966 	40.00268 	20.50566
14500.00000 	379.01754 	0.03310 	38.74871 	20.50773
14600.00000 	382.80246 	0.03691 	37.50001 	20.50514
14700.00000 	385.65450 	0.03749 	36.24981 	20.50916
14800.00000 	387.23106 	0.03358 	34.99770 	20.50840
14900.00000 	388.85795 	0.03005 	33.75307 	20.50606
15000.00000 	390.50002 	0.02683 	32.50047 	20.50627
15100.00000 	392.19494 	0.02396 	31.24925 	20.51131
15200.00000 	393.90736 	0.02138 	29.99924 	20.51016
15300.00000 	395.67542 	0.01905 	28.75180 	20.50846
15400.00000 	397.46358 	0.01694 	27.49986 	20.50523
15500.00000 	399.29177 	0.01507 	26.24886 	20.50785
15600.00000 	401.15114 	0.01458 	24.99899 	20.50519
15700.00000 	402.83712 	0.01457 	23.74787 	20.50585
15800.00000 	404.57442 	0.01458 	22.50005 	20.50939
15900.00000 	406.34537 	0.01460 	21.24862 	20.50523
16000.00000 	408.15115 	0.01461 	19.99844 	20.50748
16100.00000 	410.31577 	0.01468 	19.99844 	20.50748
16200.00000 	412.49682 	0.01474 	19.99844 	20.50748
16300.00000 	414.70606 	0.01480 	19.99844 	20.50748
16400.00000 	416.91919 	0.01487 	19.99844 	20.50748
16500.00000 	419.16033 	0.01493 	19.99844 	20.50748
16600.00000 	421.42993 	0.01500 	19.99844 	20.50748
16700.00000 	423.70180 	0.01507 	19.99844 	20.50748
16800.00000 	426.01541 	0.01514 	19.99844 	20.50748
16900.00000 	428.33022 	0.01521 	19.99844 	20.50748
17000.00000 	430.67325 	0.01528 	19.99844 	20.50748
17100.00000 	433.04490 	0.01535 	19.99844 	20.50748
17200.00000 	435.43048 	0.01542 	19.99844 	20.50748
17300.00000 	437.84468 	0.01550 	19.99844 	20.50748
17400.00000 	440.27200 	0.01557 	19.99844 	20.50748
17500.00000 	442.72781 	0.01565 	19.99844 	20.50748
17600.00000 	445.19575 	0.01573 	19.99844 	20.50748
17700.00000 	447.70895 	0.01581 	19.99844 	20.50748
17800.00000 	450.21645 	0.01589 	19.99844 	20.50748
17900.00000 	452.76964 	0.01597 	19.99844 	20.50748
18000.00000 	455.33325 	0.01606 	19.99844 	20.50748
18100.00000 	457.94377 	0.01614 	19.99844 	20.50748
18200.00000 	460.54469 	0.01623 	19.99844 	20.50748
18300.00000 	463.19270 	0.01632 	19.99844 	20.50748
18400.00000 	465.86899 	0.01641 	19.99844 	20.50748
18500.00000 	468.55266 	0.01650 	19.99844 	20.50748
18600.00000 	471.28497 	0.01659 	19.99844 	20.50748
18700.00000 	474.02348 	0.01668 	19.99844 	20.50748
18800.00000 	476.81156 	0.01678 	19.99844 	20.50748
18900.00000 	479.60442 	0.01688 	19.99844 	20.50748
19000.00000 	482.42384 	0.01697 	19.99844 	20.50748
19100.00000 	485.29401 	0.01708 	19.99844 	20.50748
19200.00000 	488.16633 	0.01718 	19.99844 	20.50748
19300.00000 	491.09000 	0.01728 	19.99844 	20.50748
19400.00000 	494.01369 	0.01739 	19.99844 	20.50748
19500.00000 	496.98917 	0.01750 	19.99844 	20.50748
19600.00000 	499.99013 	0.01761 	19.99844 	20.50748
19700.00000 	503.01594 	0.01772 	19.99844 	20.50748
19800.00000 	506.09539 	0.01783 	19.99844 	20.50748
19900.00000 	509.16952 	0.01795 	19.99844 	20.50748
20000.00000 	512.29729 	0.01806 	19.99844 	20.50748
