996.00000 	296.11908 	15.21214
0.00000 	296.11891 	15.21214 	-0.00000 	0.00000
100.00000 	296.66256 	14.65345 	-0.00000 	2.75228
200.00000 	297.03792 	14.32557 	-0.00000 	5.49941
300.00000 	297.44548 	14.05883 	0.53615 	9.47119
400.00000 	297.97679 	13.82334 	1.07133 	11.06540
500.00000 	298.54255 	13.64323 	1.60716 	12.25718
600.00000 	299.08964 	13.43112 	2.14179 	13.22381
700.00000 	299.72149 	13.18687 	2.67836 	14.05376
800.00000 	300.37720 	12.95485 	3.21428 	14.77917
900.00000 	300.94346 	12.59181 	3.75069 	15.42104
1000.00000 	301.48203 	12.02572 	4.28603 	15.99570
1100.00000 	301.94963 	11.33766 	4.82111 	16.51902
1200.00000 	302.28415 	10.65421 	5.35714 	16.99067
1300.00000 	302.51450 	10.14531 	5.89348 	17.42154
1400.00000 	302.70305 	9.47443 	6.43012 	17.81157
1500.00000 	302.85996 	8.97060 	6.96617 	18.16644
1600.00000 	303.01600 	8.42194 	7.50121 	18.49178
1700.00000 	303.13978 	7.96176 	8.03659 	18.78698
1800.00000 	303.26242 	7.52884 	8.57059 	19.05265
1900.00000 	303.44826 	7.10825 	9.10716 	19.29248
2000.00000 	303.63297 	6.64001 	9.64395 	19.51305
2100.00000 	303.84969 	5.99905 	10.17867 	19.70393
2200.00000 	304.19476 	5.36572 	10.71483 	19.87466
2300.00000 	304.51825 	4.77127 	11.25157 	20.02549
2400.00000 	304.85388 	4.23715 	11.78548 	20.15228
2500.00000 	305.18712 	3.89059 	12.32172 	20.25770
2600.00000 	305.55451 	3.57289 	12.85877 	20.34842
2700.00000 	305.95477 	3.28073 	13.39400 	20.41370
2800.00000 	306.33307 	3.00746 	13.93227 	20.46228
2900.00000 	306.67937 	2.75480 	14.46656 	20.49247
3000.00000 	306.99207 	2.51901 	14.99974 	20.50205
3100.00000 	307.23567 	2.29536 	15.49986 	20.50192
3200.00000 	307.49059 	2.08969 	15.99965 	20.50073
3300.00000 	307.75528 	1.89891 	16.50231 	20.50274
3400.00000 	308.02970 	1.71943 	17.00144 	20.50016
3500.00000 	308.32726 	1.55405 	17.49994 	20.50429
3600.00000 	308.63481 	1.40172 	17.99834 	20.50151
3700.00000 	308.97258 	1.31149 	18.49978 	20.50286
3800.00000 	309.33671 	1.23721 	19.00088 	20.50472
3900.00000 	309.80003 	1.17140 	19.50167 	20.50025
4000.00000 	310.18210 	1.11245 	20.00202 	20.50398
4100.00000 	310.65788 	1.05806 	20.50192 	20.50192
4200.00000 	311.08979 	1.01315 	21.00133 	20.50149
4300.00000 	311.44413 	0.97123 	21.50023 	20.50304
4400.00000 	311.76466 	0.92930 	22.00220 	20.50303
4500.00000 	312.15656 	0.88204 	22.49982 	20.50200
4600.00000 	312.53084 	0.83671 	23.00040 	20.49981
4700.00000 	312.90659 	0.79565 	23.50034 	20.50066
4800.00000 	313.31531 	0.75362 	24.00321 	20.50068
4900.00000 	313.77349 	0.71363 	24.50147 	20.50095
5000.00000 	314.26070 	0.68214 	25.00257 	20.50082
5100.00000 	314.63071 	0.64958 	25.49890 	20.50164
5200.00000 	315.01457 	0.61903 	26.00156 	20.49798
5300.00000 	315.36604 	0.59069 	26.49982 	20.50356
5400.00000 	315.59264 	0.56188 	27.00029 	20.50176
5500.00000 	315.84975 	0.53649 	27.50343 	20.50043
5600.00000 	316.10243 	0.50824 	28.00151 	20.50152
5700.00000 	316.31981 	0.48254 	28.50220 	20.50354
5800.00000 	316.55007 	0.45848 	29.00128 	20.50367
5900.00000 	316.79365 	0.43264 	29.50291 	20.50505
6000.00000 	317.03189 	0.40571 	30.00282 	20.50493
6100.00000 	317.33202 	0.38054 	30.37626 	20.50448
6200.00000 	317.63337 	0.35680 	30.75496 	20.50325
6300.00000 	317.96873 	0.33780 	31.13107 	20.50378
6400.00000 	318.29897 	0.32157 	31.50455 	20.50623
6500.00000 	318.54478 	0.30708 	31.87897 	20.50524
6600.00000 	318.82485 	0.29152 	32.25071 	20.50642
6700.00000 	319.08557 	0.27970 	32.62768 	20.50701
6800.00000 	319.39478 	0.26760 	33.00554 	20.50420
6900.00000 	319.57730 	0.25633 	33.38068 	20.50382
7000.00000 	319.77333 	0.24427 	33.75307 	20.50606
7100.00000 	319.98333 	0.23299 	34.12628 	20.50514
7200.00000 	320.19482 	0.22220 	34.50470 	20.50368
7300.00000 	320.38808 	0.21155 	34.88033 	20.50511
7400.00000 	320.55902 	0.20113 	35.25674 	20.50344
7500.00000 	320.76751 	0.19124 	35.63032 	20.50490
7600.00000 	320.96696 	0.18195 	36.00464 	20.50338
7700.00000 	321.20571 	0.17296 	36.37609 	20.50524
7800.00000 	321.48087 	0.16490 	36.75273 	20.50675
7900.00000 	321.79590 	0.15741 	37.13008 	20.50536
8000.00000 	322.14028 	0.15009 	37.50452 	20.50761
8100.00000 	322.46188 	0.14320 	37.87963 	20.50708
8200.00000 	322.82618 	0.13651 	38.25539 	20.50376
8300.00000 	323.12815 	0.12883 	38.62820 	20.50440
8400.00000 	323.47256 	0.12160 	39.00619 	20.50477
8500.00000 	323.83361 	0.11487 	39.37665 	20.50692
8600.00000 	324.18384 	0.10834 	39.75585 	20.50195
8700.00000 	324.57954 	0.10220 	40.12848 	20.50827
8800.00000 	324.89302 	0.09585 	40.50527 	20.50507
8900.00000 	325.20889 	0.08978 	40.87904 	20.50641
9000.00000 	325.55547 	0.08415 	41.25337 	20.50528
9100.00000 	325.90554 	0.07886 	41.62823 	20.50168
9200.00000 	326.28772 	0.07379 	42.00466 	20.50519
9300.00000 	326.55536 	0.06907 	42.37698 	20.50409
9400.00000 	326.76547 	0.06460 	42.75445 	20.50285
9500.00000 	326.97747 	0.06040 	43.12884 	20.50676
9600.00000 	327.22041 	0.05646 	43.50372 	20.50841
9700.00000 	327.46636 	0.05276 	43.87909 	20.50779
9800.00000 	327.74468 	0.04929 	44.25492 	20.50491
9900.00000 	327.95837 	0.04599 	44.62764 	20.50755
10000.00000 	328.15420 	0.04284 	45.00081 	20.50805
10100.00000 	328.36666 	0.03988 	45.00081 	20.50805
10200.00000 	328.63249 	0.03713 	45.00081 	20.50805
10300.00000 	328.88076 	0.03455 	45.00081 	20.50805
10400.00000 	329.14772 	0.03234 	45.00081 	20.50805
10500.00000 	329.63441 	0.03093 	45.00081 	20.50805
10600.00000 	330.06500 	0.02994 	45.00081 	20.50805
10700.00000 	330.55989 	0.02898 	45.00081 	20.50805
10800.00000 	331.15057 	0.02787 	45.00081 	20.50805
10900.00000 	331.70246 	0.02726 	45.00081 	20.50805
11000.00000 	332.32214 	0.02680 	45.00081 	20.50805
11100.00000 	333.04170 	0.02655 	45.00081 	20.50805
11200.00000 	333.84207 	0.02621 	45.00081 	20.50805
11300.00000 	334.60371 	0.02641 	45.00081 	20.50805
11400.00000 	335.39073 	0.02631 	45.00081 	20.50805
11500.00000 	336.34080 	0.02587 	45.00081 	20.50805
11600.00000 	337.40891 	0.02602 	45.00081 	20.50805
11700.00000 	338.34834 	0.02567 	45.00081 	20.50805
11800.00000 	339.51937 	0.02642 	45.00081 	20.50805
11900.00000 	340.97348 	0.02718 	45.00081 	20.50805
12000.00000 	342.81839 	0.02833 	45.00081 	20.50805
12100.00000 	344.27856 	0.02876 	45.00081 	20.50805
12200.00000 	345.76714 	0.02919 	45.00081 	20.50805
12300.00000 	347.28512 	0.02964 	45.00081 	20.50805
12400.00000 	348.83356 	0.03011 	45.00081 	20.50805
12500.00000 	350.41357 	0.03059 	45.00081 	20.50805
12600.00000 	352.02629 	0.03108 	45.00081 	20.50805
12700.00000 	353.73037 	0.03161 	45.00081 	20.50805
12800.00000 	355.23773 	0.03209 	45.00081 	20.50805
12900.00000 	356.77443 	0.03258 	45.00081 	20.50805
13000.00000 	358.28066 	0.03306 	45.00081 	20.50805
13100.00000 	359.87796 	0.03358 	45.00081 	20.50805
13200.00000 	361.50782 	0.03412 	45.00081 	20.50805
13300.00000 	363.10680 	0.03465 	45.00081 	20.50805
13400.00000 	364.80406 	0.03522 	45.00081 	20.50805
13500.00000 	366.47024 	0.03578 	45.00081 	20.50805
13600.00000 	368.24001 	0.03639 	45.00081 	20.50805
13700.00000 	369.97859 	0.03700 	45.00081 	20.50805
13800.00000 	371.53955 	0.03755 	45.00081 	20.50805
13900.00000 	373.13060 	0.03811 	45.00081 	20.50805
14000.00000 	374.67835 	0.03867 	45.00081 	20.50805
14100.00000 	376.33126 	0.03927 	43.75045 	20.50352
14200.00000 	377.94012 	0.03986 	42.50036 	20.50888
14300.00000 	379.65930 	0.04050 	41.25337 	20.50528
14400.00000 	381.33368 	0.04113 	40.00268 	20.50566
14500.00000 	383.12402 	0.04180 	38.74871 	20.50773
14600.00000 	384.86883 	0.04248 	37.50001 	20.50514
14700.00000 	386.73573 	0.04320 	36.24981 	20.50916
14800.00000 	388.55641 	0.04392 	34.99770 	20.50840
14900.00000 	390.41631 	0.04466 	33.75307 	20.50606
15000.00000 	392.04289 	0.04531 	32.50047 	20.50627
15100.00000 	393.70041 	0.04599 	31.24925 	20.51131
15200.00000 	395.38994 	0.04668 	29.99924 	20.51016
15300.00000 	397.11259 	0.04740 	28.75180 	20.50846
15400.00000 	398.86954 	0.04813 	27.49986 	20.50523
15500.00000 	400.66202 	0.04890 	26.24886 	20.50785
15600.00000 	402.49133 	0.04968 	24.99899 	20.50519
15700.00000 	404.35884 	0.05049 	23.74787 	20.50585
15800.00000 	406.26598 	0.05133 	22.50005 	20.50939
15900.00000 	408.21428 	0.05220 	21.24862 	20.50523
16000.00000 	410.20535 	0.05309 	19.99844 	20.50748
16100.00000 	412.35530 	0.05408 	19.99844 	20.50748
16200.00000 	414.52172 	0.05508 	19.99844 	20.50748
16300.00000 	416.71632 	0.05610 	19.99844 	20.50748
16400.00000 	418.91501 	0.05715 	19.99844 	20.50748
16500.00000 	421.14170 	0.05822 	19.99844 	20.50748
16600.00000 	423.39687 	0.05932 	19.99844 	20.50748
16700.00000 	425.65458 	0.06043 	19.99844 	20.50748
16800.00000 	427.95396 	0.06158 	19.99844 	20.50748
16900.00000 	430.25485 	0.06275 	19.99844 	20.50748
17000.00000 	432.58407 	0.06394 	19.99844 	20.50748
17100.00000 	434.92745 	0.06516 	19.99844 	20.50748
17200.00000 	437.29924 	0.06642 	19.99844 	20.50748
17300.00000 	439.69979 	0.06770 	19.99844 	20.50748
17400.00000 	442.11380 	0.06901 	19.99844 	20.50748
17500.00000 	444.54042 	0.07035 	19.99844 	20.50748
17600.00000 	447.01170 	0.07173 	19.99844 	20.50748
17700.00000 	449.49538 	0.07313 	19.99844 	20.50748
17800.00000 	451.99046 	0.07456 	19.99844 	20.50748
17900.00000 	454.51362 	0.07603 	19.99844 	20.50748
18000.00000 	457.06502 	0.07753 	19.99844 	20.50748
18100.00000 	459.64483 	0.07908 	19.99844 	20.50748
18200.00000 	462.25320 	0.08066 	19.99844 	20.50748
18300.00000 	464.87060 	0.08227 	19.99844 	20.50748
18400.00000 	467.51575 	0.08392 	19.99844 	20.50748
18500.00000 	470.18866 	0.08561 	19.99844 	20.50748
18600.00000 	472.88933 	0.08734 	19.99844 	20.50748
18700.00000 	475.61769 	0.08912 	19.99844 	20.50748
18800.00000 	478.37367 	0.09094 	19.99844 	20.50748
18900.00000 	481.15714 	0.09281 	19.99844 	20.50748
19000.00000 	483.96792 	0.09472 	19.99844 	20.50748
19100.00000 	486.78164 	0.09666 	19.99844 	20.50748
19200.00000 	489.64569 	0.09867 	19.99844 	20.50748
19300.00000 	492.53622 	0.10072 	19.99844 	20.50748
19400.00000 	495.45283 	0.10282 	19.99844 	20.50748
19500.00000 	498.42194 	0.10500 	19.99844 	20.50748
19600.00000 	501.39001 	0.10720 	19.99844 	20.50748
19700.00000 	504.38260 	0.10946 	19.99844 	20.50748
19800.00000 	507.42817 	0.11179 	19.99844 	20.50748
19900.00000 	510.49841 	0.11417 	19.99844 	20.50748
20000.00000 	513.59253 	0.11662 	19.99844 	20.50748
