947.30000 	299.97674 	12.36159
0.00000 	299.97442 	12.36159 	-0.00000 	0.00000
100.00000 	299.98061 	12.22879 	-0.00000 	2.75228
200.00000 	300.02568 	11.93088 	-0.00000 	5.49941
300.00000 	300.38977 	12.95735 	0.53615 	9.47119
400.00000 	300.78414 	14.19086 	1.07133 	11.06540
500.00000 	301.14972 	14.61640 	1.60716 	12.25718
600.00000 	301.51572 	14.35230 	2.14179 	13.22381
700.00000 	301.89325 	14.07350 	2.67836 	14.05376
800.00000 	302.35621 	13.62349 	3.21428 	14.77917
900.00000 	302.85115 	13.18884 	3.75069 	15.42104
1000.00000 	303.40057 	12.66260 	4.28603 	15.99570
1100.00000 	304.00438 	12.11524 	4.82111 	16.51902
1200.00000 	304.57881 	11.55716 	5.35714 	16.99067
1300.00000 	304.89005 	10.79789 	5.89348 	17.42154
1400.00000 	305.22271 	10.08404 	6.43012 	17.81157
1500.00000 	305.52354 	9.39248 	6.96617 	18.16644
1600.00000 	305.80281 	8.72469 	7.50121 	18.49178
1700.00000 	306.08170 	8.10464 	8.03659 	18.78698
1800.00000 	306.21986 	7.50238 	8.57059 	19.05265
1900.00000 	306.33552 	6.93578 	9.10716 	19.29248
2000.00000 	306.44953 	6.41170 	9.64395 	19.51305
2100.00000 	306.56083 	5.94338 	10.17867 	19.70393
2200.00000 	306.68302 	5.50681 	10.71483 	19.87466
2300.00000 	306.80230 	5.14307 	11.25157 	20.02549
2400.00000 	306.90843 	4.89008 	11.78548 	20.15228
2500.00000 	307.02465 	4.64849 	12.32172 	20.25770
2600.00000 	307.13868 	4.41722 	12.85877 	20.34842
2700.00000 	307.26147 	4.18956 	13.39400 	20.41370
2800.00000 	307.40591 	3.97566 	13.93227 	20.46228
2900.00000 	307.55747 	3.77063 	14.46656 	20.49247
3000.00000 	307.74224 	3.57528 	14.99974 	20.50205
3100.00000 	307.93607 	3.38868 	15.49986 	20.50192
3200.00000 	308.12987 	3.21099 	15.99965 	20.50073
3300.00000 	308.30764 	3.03852 	16.50231 	20.50274
3400.00000 	308.49660 	2.87677 	17.00144 	20.50016
3500.00000 	308.69713 	2.72076 	17.49994 	20.50429
3600.00000 	308.86649 	2.56919 	17.99834 	20.50151
3700.00000 	309.06155 	2.42574 	18.49978 	20.50286
3800.00000 	309.26852 	2.28593 	19.00088 	20.50472
3900.00000 	309.46616 	2.12632 	19.50167 	20.50025
4000.00000 	309.66376 	1.97521 	20.00202 	20.50398
4100.00000 	309.90036 	1.83419 	20.50192 	20.50192
4200.00000 	310.10305 	1.68732 	21.00133 	20.50149
4300.00000 	310.30591 	1.54852 	21.50023 	20.50304
4400.00000 	310.53284 	1.41889 	22.00220 	20.50303
4500.00000 	310.76818 	1.29889 	22.49982 	20.50200
4600.00000 	310.99533 	1.18665 	23.00040 	20.49981
4700.00000 	311.24684 	1.08324 	23.50034 	20.50066
4800.00000 	311.51613 	0.98821 	24.00321 	20.50068
4900.00000 	311.74766 	0.90346 	24.50147 	20.50095
5000.00000 	312.00398 	0.82608 	25.00257 	20.50082
5100.00000 	312.26135 	0.75473 	25.49890 	20.50164
5200.00000 	312.54448 	0.68963 	26.00156 	20.49798
5300.00000 	312.79949 	0.63044 	26.49982 	20.50356
5400.00000 	313.06760 	0.57588 	27.00029 	20.50176
5500.00000 	313.38026 	0.52574 	27.50343 	20.50043
5600.00000 	313.66966 	0.48350 	28.00151 	20.50152
5700.00000 	313.97871 	0.45154 	28.50220 	20.50354
5800.00000 	314.29486 	0.42102 	29.00128 	20.50367
5900.00000 	314.63239 	0.39287 	29.50291 	20.50505
6000.00000 	314.96492 	0.36888 	30.00282 	20.50493
6100.00000 	315.28431 	0.35155 	30.37626 	20.50448
6200.00000 	315.60542 	0.33533 	30.75496 	20.50325
6300.00000 	315.95405 	0.31949 	31.13107 	20.50378
6400.00000 	316.28398 	0.30459 	31.50455 	20.50623
6500.00000 	316.54735 	0.29079 	31.87897 	20.50524
6600.00000 	316.84677 	0.27792 	32.25071 	20.50642
6700.00000 	317.13916 	0.26554 	32.62768 	20.50701
6800.00000 	317.43368 	0.25368 	33.00554 	20.50420
6900.00000 	317.72390 	0.24146 	33.38068 	20.50382
7000.00000 	318.00574 	0.22973 	33.75307 	20.50606
7100.00000 	318.33906 	0.21837 	34.12628 	20.50514
7200.00000 	318.65126 	0.20749 	34.50470 	20.50368
7300.00000 	318.99249 	0.19712 	34.88033 	20.50511
7400.00000 	319.34057 	0.18733 	35.25674 	20.50344
7500.00000 	319.71784 	0.17819 	35.63032 	20.50490
7600.00000 	320.09821 	0.16930 	36.00464 	20.50338
7700.00000 	320.46964 	0.16077 	36.37609 	20.50524
7800.00000 	320.89839 	0.15348 	36.75273 	20.50675
7900.00000 	321.34565 	0.14768 	37.13008 	20.50536
8000.00000 	321.80999 	0.14210 	37.50452 	20.50761
8100.00000 	322.26442 	0.13668 	37.87963 	20.50708
8200.00000 	322.76434 	0.13151 	38.25539 	20.50376
8300.00000 	323.30993 	0.12705 	38.62820 	20.50440
8400.00000 	323.92759 	0.12402 	39.00619 	20.50477
8500.00000 	324.56415 	0.12108 	39.37665 	20.50692
8600.00000 	325.23424 	0.11835 	39.75585 	20.50195
8700.00000 	325.91068 	0.11556 	40.12848 	20.50827
8800.00000 	326.57712 	0.11281 	40.50527 	20.50507
8900.00000 	327.62899 	0.11309 	40.87904 	20.50641
9000.00000 	328.72560 	0.11395 	41.25337 	20.50528
9100.00000 	329.84516 	0.11472 	41.62823 	20.50168
9200.00000 	331.02177 	0.11568 	42.00466 	20.50519
9300.00000 	332.19023 	0.11663 	42.37698 	20.50409
9400.00000 	333.41873 	0.11753 	42.75445 	20.50285
9500.00000 	334.72262 	0.12178 	43.12884 	20.50676
9600.00000 	336.05142 	0.12648 	43.50372 	20.50841
9700.00000 	337.42062 	0.13138 	43.87909 	20.50779
9800.00000 	338.81658 	0.13650 	44.25492 	20.50491
9900.00000 	340.18749 	0.14180 	44.62764 	20.50755
10000.00000 	341.63900 	0.14737 	45.00081 	20.50805
10100.00000 	342.99652 	0.15190 	45.00081 	20.50805
10200.00000 	344.31115 	0.15499 	45.00081 	20.50805
10300.00000 	345.59619 	0.15828 	45.00081 	20.50805
10400.00000 	346.92192 	0.16168 	45.00081 	20.50805
10500.00000 	348.27427 	0.16501 	45.00081 	20.50805
10600.00000 	349.63896 	0.16862 	45.00081 	20.50805
10700.00000 	351.09145 	0.17243 	45.00081 	20.50805
10800.00000 	352.51685 	0.17382 	45.00081 	20.50805
10900.00000 	354.03196 	0.17155 	45.00081 	20.50805
11000.00000 	355.52824 	0.16944 	45.00081 	20.50805
11100.00000 	357.09916 	0.16746 	45.00081 	20.50805
11200.00000 	358.69985 	0.16553 	45.00081 	20.50805
11300.00000 	360.28187 	0.16358 	45.00081 	20.50805
11400.00000 	361.94430 	0.16175 	45.00081 	20.50805
11500.00000 	363.58824 	0.15989 	45.00081 	20.50805
11600.00000 	365.00547 	0.15277 	45.00081 	20.50805
11700.00000 	366.10613 	0.14047 	45.00081 	20.50805
11800.00000 	367.23114 	0.12908 	45.00081 	20.50805
11900.00000 	368.38134 	0.11855 	45.00081 	20.50805
12000.00000 	369.55760 	0.10869 	45.00081 	20.50805
12100.00000 	370.76083 	0.09970 	45.00081 	20.50805
12200.00000 	371.99200 	0.09141 	45.00081 	20.50805
12300.00000 	373.19259 	0.08370 	45.00081 	20.50805
12400.00000 	374.48157 	0.07665 	45.00081 	20.50805
12500.00000 	375.54613 	0.07177 	45.00081 	20.50805
12600.00000 	376.41213 	0.06884 	45.00081 	20.50805
12700.00000 	377.28359 	0.06603 	45.00081 	20.50805
12800.00000 	378.19443 	0.06325 	45.00081 	20.50805
12900.00000 	379.17813 	0.06070 	45.00081 	20.50805
13000.00000 	380.13810 	0.05814 	45.00081 	20.50805
13100.00000 	381.10652 	0.05575 	45.00081 	20.50805
13200.00000 	382.11801 	0.05347 	45.00081 	20.50805
13300.00000 	383.13967 	0.05121 	45.00081 	20.50805
13400.00000 	384.20651 	0.04910 	45.00081 	20.50805
13500.00000 	385.28543 	0.04703 	45.00081 	20.50805
13600.00000 	386.08366 	0.04466 	45.00081 	20.50805
13700.00000 	386.92177 	0.04241 	45.00081 	20.50805
13800.00000 	387.84322 	0.04030 	45.00081 	20.50805
13900.00000 	388.73033 	0.03826 	45.00081 	20.50805
14000.00000 	389.62507 	0.03637 	45.00081 	20.50805
14100.00000 	390.62725 	0.03454 	43.75045 	20.50352
14200.00000 	391.59405 	0.03278 	42.50036 	20.50888
14300.00000 	392.57118 	0.03111 	41.25337 	20.50528
14400.00000 	393.68138 	0.02954 	40.00268 	20.50566
14500.00000 	394.71941 	0.02803 	38.74871 	20.50773
14600.00000 	395.80691 	0.02663 	37.50001 	20.50514
14700.00000 	397.03555 	0.02610 	36.24981 	20.50916
14800.00000 	398.32756 	0.02675 	34.99770 	20.50840
14900.00000 	399.75834 	0.02747 	33.75307 	20.50606
15000.00000 	401.10489 	0.02820 	32.50047 	20.50627
15100.00000 	402.49767 	0.02892 	31.24925 	20.51131
15200.00000 	403.90079 	0.02969 	29.99924 	20.51016
15300.00000 	405.43527 	0.03053 	28.75180 	20.50846
15400.00000 	406.91943 	0.03132 	27.49986 	20.50523
15500.00000 	408.41688 	0.03219 	26.24886 	20.50785
15600.00000 	409.94738 	0.03308 	24.99899 	20.50519
15700.00000 	411.64091 	0.03404 	23.74787 	20.50585
15800.00000 	413.24346 	0.03496 	22.50005 	20.50939
15900.00000 	414.88295 	0.03596 	21.24862 	20.50523
16000.00000 	416.58000 	0.03700 	19.99844 	20.50748
16100.00000 	418.50814 	0.03813 	19.99844 	20.50748
16200.00000 	420.44985 	0.03931 	19.99844 	20.50748
16300.00000 	422.40475 	0.04052 	19.99844 	20.50748
16400.00000 	424.38520 	0.04178 	19.99844 	20.50748
16500.00000 	426.37852 	0.04307 	19.99844 	20.50748
16600.00000 	428.38419 	0.04440 	19.99844 	20.50748
16700.00000 	430.41541 	0.04579 	19.99844 	20.50748
16800.00000 	432.45847 	0.04721 	19.99844 	20.50748
16900.00000 	434.51274 	0.04868 	19.99844 	20.50748
17000.00000 	436.59228 	0.05020 	19.99844 	20.50748
17100.00000 	438.69740 	0.05178 	19.99844 	20.50748
17200.00000 	440.81293 	0.05340 	19.99844 	20.50748
17300.00000 	442.95388 	0.05508 	19.99844 	20.50748
17400.00000 	445.10428 	0.05682 	19.99844 	20.50748
17500.00000 	447.27982 	0.05861 	19.99844 	20.50748
17600.00000 	449.48071 	0.06047 	19.99844 	20.50748
17700.00000 	451.68966 	0.06238 	19.99844 	20.50748
17800.00000 	453.92344 	0.06436 	19.99844 	20.50748
17900.00000 	456.18219 	0.06641 	19.99844 	20.50748
18000.00000 	458.46598 	0.06854 	19.99844 	20.50748
18100.00000 	460.75563 	0.07072 	19.99844 	20.50748
18200.00000 	463.06948 	0.07299 	19.99844 	20.50748
18300.00000 	465.40753 	0.07533 	19.99844 	20.50748
18400.00000 	467.76972 	0.07775 	19.99844 	20.50748
18500.00000 	470.15596 	0.08026 	19.99844 	20.50748
18600.00000 	472.56615 	0.08286 	19.99844 	20.50748
18700.00000 	475.00012 	0.08554 	19.99844 	20.50748
18800.00000 	477.43467 	0.08830 	19.99844 	20.50748
18900.00000 	479.91496 	0.09118 	19.99844 	20.50748
19000.00000 	482.41827 	0.09415 	19.99844 	20.50748
19100.00000 	484.94427 	0.09723 	19.99844 	20.50748
19200.00000 	487.49253 	0.10042 	19.99844 	20.50748
19300.00000 	490.06260 	0.10371 	19.99844 	20.50748
19400.00000 	492.65395 	0.10712 	19.99844 	20.50748
19500.00000 	495.26598 	0.11064 	19.99844 	20.50748
19600.00000 	497.92630 	0.11430 	19.99844 	20.50748
19700.00000 	500.57832 	0.11807 	19.99844 	20.50748
19800.00000 	503.27860 	0.12199 	19.99844 	20.50748
19900.00000 	506.02861 	0.12607 	19.99844 	20.50748
20000.00000 	508.76693 	0.13026 	19.99844 	20.50748
