984.80000 	300.57315 	15.88389
0.00000 	300.57249 	15.88389 	-0.00000 	0.00000
100.00000 	300.75148 	15.90465 	-0.00000 	2.75228
200.00000 	300.75886 	15.84357 	-0.00000 	5.49941
300.00000 	300.76530 	16.06080 	0.53615 	9.47119
400.00000 	300.85212 	16.14519 	1.07133 	11.06540
500.00000 	301.18340 	15.97997 	1.60716 	12.25718
600.00000 	301.64880 	15.62195 	2.14179 	13.22381
700.00000 	302.34204 	15.28057 	2.67836 	14.05376
800.00000 	302.92510 	14.99430 	3.21428 	14.77917
900.00000 	303.19967 	14.79147 	3.75069 	15.42104
1000.00000 	303.34031 	14.54124 	4.28603 	15.99570
1100.00000 	303.51151 	14.39833 	4.82111 	16.51902
1200.00000 	303.71315 	14.15496 	5.35714 	16.99067
1300.00000 	303.71563 	13.54913 	5.89348 	17.42154
1400.00000 	303.77918 	12.90696 	6.43012 	17.81157
1500.00000 	303.88357 	12.33263 	6.96617 	18.16644
1600.00000 	304.06089 	11.82819 	7.50121 	18.49178
1700.00000 	304.92796 	11.85878 	8.03659 	18.78698
1800.00000 	306.13991 	11.91363 	8.57059 	19.05265
1900.00000 	307.17602 	10.60616 	9.10716 	19.29248
2000.00000 	308.25975 	8.62778 	9.64395 	19.51305
2100.00000 	309.38137 	7.86915 	10.17867 	19.70393
2200.00000 	309.67466 	8.05884 	10.71483 	19.87466
2300.00000 	309.87035 	8.16780 	11.25157 	20.02549
2400.00000 	309.93500 	8.16397 	11.78548 	20.15228
2500.00000 	310.41103 	7.87647 	12.32172 	20.25770
2600.00000 	310.97608 	7.50744 	12.85877 	20.34842
2700.00000 	311.25484 	7.01569 	13.39400 	20.41370
2800.00000 	311.56669 	6.45940 	13.93227 	20.46228
2900.00000 	311.93271 	5.83505 	14.46656 	20.49247
3000.00000 	312.15342 	5.17999 	14.99974 	20.50205
3100.00000 	312.35162 	4.56096 	15.49986 	20.50192
3200.00000 	312.99495 	4.05431 	15.99965 	20.50073
3300.00000 	313.59417 	3.62307 	16.50231 	20.50274
3400.00000 	314.06981 	3.30625 	17.00144 	20.50016
3500.00000 	314.53340 	3.07098 	17.49994 	20.50429
3600.00000 	315.01866 	2.91371 	17.99834 	20.50151
3700.00000 	315.79016 	2.82988 	18.49978 	20.50286
3800.00000 	316.73403 	2.78948 	19.00088 	20.50472
3900.00000 	317.14968 	2.80603 	19.50167 	20.50025
4000.00000 	317.30198 	2.85670 	20.00202 	20.50398
4100.00000 	317.45381 	2.90873 	20.50192 	20.50192
4200.00000 	317.60261 	2.91618 	21.00133 	20.50149
4300.00000 	317.76186 	2.92404 	21.50023 	20.50304
4400.00000 	317.91633 	2.93184 	22.00220 	20.50303
4500.00000 	318.09724 	2.94057 	22.49982 	20.50200
4600.00000 	318.28961 	2.94977 	23.00040 	20.49981
4700.00000 	318.47761 	2.95892 	23.50034 	20.50066
4800.00000 	318.69376 	2.96909 	24.00321 	20.50068
4900.00000 	318.92250 	2.97976 	24.50147 	20.50095
5000.00000 	319.14737 	2.99041 	25.00257 	20.50082
5100.00000 	319.39716 	2.98493 	25.49890 	20.50164
5200.00000 	319.64584 	2.89044 	26.00156 	20.49798
5300.00000 	319.88901 	2.79608 	26.49982 	20.50356
5400.00000 	320.16191 	2.70741 	27.00029 	20.50176
5500.00000 	320.44763 	2.62148 	27.50343 	20.50043
5600.00000 	320.72828 	2.53772 	28.00151 	20.50152
5700.00000 	321.04063 	2.45707 	28.50220 	20.50354
5800.00000 	321.36708 	2.37895 	29.00128 	20.50367
5900.00000 	321.68226 	2.29098 	29.50291 	20.50505
6000.00000 	321.94643 	2.18248 	30.00282 	20.50493
6100.00000 	322.22301 	2.08046 	30.37626 	20.50448
6200.00000 	322.51240 	1.98121 	30.75496 	20.50325
6300.00000 	322.82751 	1.88793 	31.13107 	20.50378
6400.00000 	323.14381 	1.79721 	31.50455 	20.50623
6500.00000 	323.47422 	1.71053 	31.87897 	20.50524
6600.00000 	323.83185 	1.62914 	32.25071 	20.50642
6700.00000 	324.19196 	1.55002 	32.62768 	20.50701
6800.00000 	324.56764 	1.47576 	33.00554 	20.50420
6900.00000 	324.85861 	1.39983 	33.38068 	20.50382
7000.00000 	325.10605 	1.32804 	33.75307 	20.50606
7100.00000 	325.38914 	1.25884 	34.12628 	20.50514
7200.00000 	325.66340 	1.19269 	34.50470 	20.50368
7300.00000 	325.96457 	1.12975 	34.88033 	20.50511
7400.00000 	326.26719 	1.06989 	35.25674 	20.50344
7500.00000 	326.58469 	1.01388 	35.63032 	20.50490
7600.00000 	326.91759 	0.95972 	36.00464 	20.50338
7700.00000 	327.26643 	0.90825 	36.37609 	20.50524
7800.00000 	327.65685 	0.85958 	36.75273 	20.50675
7900.00000 	328.01646 	0.80870 	37.13008 	20.50536
8000.00000 	328.36687 	0.75735 	37.50452 	20.50761
8100.00000 	328.73224 	0.70833 	37.87963 	20.50708
8200.00000 	329.13971 	0.66304 	38.25539 	20.50376
8300.00000 	329.55048 	0.62025 	38.62820 	20.50440
8400.00000 	329.96436 	0.57944 	39.00619 	20.50477
8500.00000 	330.39540 	0.54163 	39.37665 	20.50692
8600.00000 	330.84421 	0.50610 	39.75585 	20.50195
8700.00000 	331.29378 	0.47460 	40.12848 	20.50827
8800.00000 	331.74481 	0.44479 	40.50527 	20.50507
8900.00000 	332.22832 	0.41642 	40.87904 	20.50641
9000.00000 	332.69975 	0.38999 	41.25337 	20.50528
9100.00000 	333.18892 	0.36511 	41.62823 	20.50168
9200.00000 	333.72758 	0.34181 	42.00466 	20.50519
9300.00000 	334.81440 	0.30718 	42.37698 	20.50409
9400.00000 	336.18953 	0.27003 	42.75445 	20.50285
9500.00000 	337.06072 	0.24551 	43.12884 	20.50676
9600.00000 	337.30216 	0.23249 	43.50372 	20.50841
9700.00000 	337.55873 	0.22036 	43.87909 	20.50779
9800.00000 	337.84531 	0.20859 	44.25492 	20.50491
9900.00000 	338.13379 	0.19762 	44.62764 	20.50755
10000.00000 	338.43907 	0.18700 	45.00081 	20.50805
10100.00000 	338.79770 	0.17698 	45.00081 	20.50805
10200.00000 	339.13903 	0.16758 	45.00081 	20.50805
10300.00000 	339.49911 	0.15849 	45.00081 	20.50805
10400.00000 	339.89341 	0.14986 	45.00081 	20.50805
10500.00000 	340.03630 	0.14192 	45.00081 	20.50805
10600.00000 	340.12581 	0.13432 	45.00081 	20.50805
10700.00000 	340.21477 	0.12725 	45.00081 	20.50805
10800.00000 	340.33346 	0.12040 	45.00081 	20.50805
10900.00000 	340.41197 	0.11384 	45.00081 	20.50805
11000.00000 	340.56140 	0.10779 	45.00081 	20.50805
11100.00000 	340.71226 	0.10193 	45.00081 	20.50805
11200.00000 	340.89544 	0.09648 	45.00081 	20.50805
11300.00000 	341.03805 	0.09116 	45.00081 	20.50805
11400.00000 	341.25693 	0.08615 	45.00081 	20.50805
11500.00000 	341.47968 	0.08151 	45.00081 	20.50805
11600.00000 	341.73787 	0.07701 	45.00081 	20.50805
11700.00000 	341.95531 	0.07280 	45.00081 	20.50805
11800.00000 	342.25531 	0.06876 	45.00081 	20.50805
11900.00000 	342.56225 	0.06493 	45.00081 	20.50805
12000.00000 	342.90850 	0.06139 	45.00081 	20.50805
12100.00000 	343.09563 	0.05690 	45.00081 	20.50805
12200.00000 	343.31639 	0.05273 	45.00081 	20.50805
12300.00000 	343.50470 	0.04875 	45.00081 	20.50805
12400.00000 	343.76238 	0.04508 	45.00081 	20.50805
12500.00000 	344.02389 	0.04171 	45.00081 	20.50805
12600.00000 	344.32228 	0.03854 	45.00081 	20.50805
12700.00000 	344.58782 	0.03557 	45.00081 	20.50805
12800.00000 	344.92944 	0.03287 	45.00081 	20.50805
12900.00000 	345.29454 	0.03033 	45.00081 	20.50805
13000.00000 	345.61008 	0.02796 	45.00081 	20.50805
13100.00000 	346.13172 	0.02644 	45.00081 	20.50805
13200.00000 	346.91085 	0.02649 	45.00081 	20.50805
13300.00000 	347.77681 	0.02652 	45.00081 	20.50805
13400.00000 	348.62710 	0.02655 	45.00081 	20.50805
13500.00000 	349.93381 	0.02660 	45.00081 	20.50805
13600.00000 	351.59563 	0.02665 	45.00081 	20.50805
13700.00000 	353.36197 	0.02668 	45.00081 	20.50805
13800.00000 	355.15058 	0.02674 	45.00081 	20.50805
13900.00000 	357.14910 	0.02675 	45.00081 	20.50805
14000.00000 	359.27335 	0.02678 	45.00081 	20.50805
14100.00000 	361.43542 	0.02682 	43.75045 	20.50352
14200.00000 	363.69280 	0.02688 	42.50036 	20.50888
14300.00000 	365.54398 	0.02688 	41.25337 	20.50528
14400.00000 	367.10147 	0.02694 	40.00268 	20.50566
14500.00000 	368.61691 	0.02695 	38.74871 	20.50773
14600.00000 	370.16697 	0.02700 	37.50001 	20.50514
14700.00000 	371.77092 	0.02706 	36.24981 	20.50916
14800.00000 	373.38928 	0.02517 	34.99770 	20.50840
14900.00000 	375.07713 	0.02312 	33.75307 	20.50606
15000.00000 	376.79988 	0.02123 	32.50047 	20.50627
15100.00000 	378.64773 	0.01950 	31.24925 	20.51131
15200.00000 	380.44615 	0.01788 	29.99924 	20.51016
15300.00000 	382.28365 	0.01640 	28.75180 	20.50846
15400.00000 	384.16177 	0.01505 	27.49986 	20.50523
15500.00000 	386.24566 	0.01452 	26.24886 	20.50785
15600.00000 	388.37900 	0.01454 	24.99899 	20.50519
15700.00000 	390.63171 	0.01455 	23.74787 	20.50585
15800.00000 	392.94579 	0.01458 	22.50005 	20.50939
15900.00000 	395.28519 	0.01462 	21.24862 	20.50523
16000.00000 	397.68944 	0.01467 	19.99844 	20.50748
16100.00000 	400.25254 	0.01473 	19.99844 	20.50748
16200.00000 	402.83665 	0.01479 	19.99844 	20.50748
16300.00000 	405.45320 	0.01485 	19.99844 	20.50748
16400.00000 	408.07882 	0.01492 	19.99844 	20.50748
16500.00000 	410.73686 	0.01498 	19.99844 	20.50748
16600.00000 	413.42788 	0.01505 	19.99844 	20.50748
16700.00000 	416.12662 	0.01512 	19.99844 	20.50748
16800.00000 	418.87139 	0.01519 	19.99844 	20.50748
16900.00000 	421.62298 	0.01526 	19.99844 	20.50748
17000.00000 	424.40770 	0.01533 	19.99844 	20.50748
17100.00000 	427.21175 	0.01540 	19.99844 	20.50748
17200.00000 	430.04917 	0.01547 	19.99844 	20.50748
17300.00000 	432.92041 	0.01555 	19.99844 	20.50748
17400.00000 	435.81050 	0.01562 	19.99844 	20.50748
17500.00000 	438.71864 	0.01570 	19.99844 	20.50748
17600.00000 	441.67654 	0.01578 	19.99844 	20.50748
17700.00000 	444.65244 	0.01586 	19.99844 	20.50748
17800.00000 	447.64541 	0.01594 	19.99844 	20.50748
17900.00000 	450.67200 	0.01602 	19.99844 	20.50748
18000.00000 	453.73250 	0.01610 	19.99844 	20.50748
18100.00000 	456.82715 	0.01619 	19.99844 	20.50748
18200.00000 	459.95621 	0.01627 	19.99844 	20.50748
18300.00000 	463.10033 	0.01636 	19.99844 	20.50748
18400.00000 	466.27819 	0.01645 	19.99844 	20.50748
18500.00000 	469.48992 	0.01654 	19.99844 	20.50748
18600.00000 	472.73560 	0.01663 	19.99844 	20.50748
18700.00000 	476.01527 	0.01673 	19.99844 	20.50748
18800.00000 	479.32895 	0.01682 	19.99844 	20.50748
18900.00000 	482.67661 	0.01692 	19.99844 	20.50748
19000.00000 	486.05816 	0.01702 	19.99844 	20.50748
19100.00000 	489.44918 	0.01712 	19.99844 	20.50748
19200.00000 	492.89742 	0.01722 	19.99844 	20.50748
19300.00000 	496.37898 	0.01732 	19.99844 	20.50748
19400.00000 	499.89357 	0.01743 	19.99844 	20.50748
19500.00000 	503.46796 	0.01754 	19.99844 	20.50748
19600.00000 	507.04820 	0.01765 	19.99844 	20.50748
19700.00000 	510.66016 	0.01775 	19.99844 	20.50748
19800.00000 	514.33275 	0.01787 	19.99844 	20.50748
19900.00000 	518.03746 	0.01798 	19.99844 	20.50748
20000.00000 	521.77357 	0.01810 	19.99844 	20.50748
