982.50000 	307.26680 	13.77842
0.00000 	307.26603 	13.77842 	-0.00000 	0.00000
100.00000 	307.27002 	13.60228 	-0.00000 	2.75228
200.00000 	307.65702 	12.97740 	-0.00000 	5.49941
300.00000 	308.05341 	12.38843 	0.53615 	9.47119
400.00000 	308.23899 	12.64603 	1.07133 	11.06540
500.00000 	308.43364 	12.92767 	1.60716 	12.25718
600.00000 	308.44361 	12.95678 	2.14179 	13.22381
700.00000 	308.45203 	12.81541 	2.67836 	14.05376
800.00000 	308.46862 	12.69343 	3.21428 	14.77917
900.00000 	308.47378 	12.66303 	3.75069 	15.42104
1000.00000 	308.48714 	12.63413 	4.28603 	15.99570
1100.00000 	308.48864 	12.41206 	4.82111 	16.51902
1200.00000 	308.50864 	12.11465 	5.35714 	16.99067
1300.00000 	308.51656 	11.86142 	5.89348 	17.42154
1400.00000 	308.52245 	11.82525 	6.43012 	17.81157
1500.00000 	308.54748 	11.79198 	6.96617 	18.16644
1600.00000 	308.54921 	11.82733 	7.50121 	18.49178
1700.00000 	309.17550 	11.91242 	8.03659 	18.78698
1800.00000 	309.86758 	11.99826 	8.57059 	19.05265
1900.00000 	309.87755 	11.47151 	9.10716 	19.29248
2000.00000 	309.88503 	10.94233 	9.64395 	19.51305
2100.00000 	309.90135 	10.47146 	10.17867 	19.70393
2200.00000 	309.90358 	10.11367 	10.71483 	19.87466
2300.00000 	309.92637 	9.77554 	11.25157 	20.02549
2400.00000 	309.93480 	9.50477 	11.78548 	20.15228
2500.00000 	310.30039 	9.30465 	12.32172 	20.25770
2600.00000 	310.92937 	9.10908 	12.85877 	20.34842
2700.00000 	311.30557 	8.71785 	13.39400 	20.41370
2800.00000 	311.55014 	8.24859 	13.93227 	20.46228
2900.00000 	311.80575 	7.79689 	14.46656 	20.49247
3000.00000 	312.10252 	7.45560 	14.99974 	20.50205
3100.00000 	312.40885 	7.15781 	15.49986 	20.50192
3200.00000 	312.73785 	6.87111 	15.99965 	20.50073
3300.00000 	313.12150 	6.68544 	16.50231 	20.50274
3400.00000 	313.52644 	6.54166 	17.00144 	20.50016
3500.00000 	313.95516 	6.39658 	17.49994 	20.50429
3600.00000 	314.36898 	6.26214 	17.99834 	20.50151
3700.00000 	314.76986 	6.12981 	18.49978 	20.50286
3800.00000 	315.20895 	6.00150 	19.00088 	20.50472
3900.00000 	315.62090 	5.87426 	19.50167 	20.50025
4000.00000 	316.00799 	5.74052 	20.00202 	20.50398
4100.00000 	316.41928 	5.61003 	20.50192 	20.50192
4200.00000 	316.82056 	5.47047 	21.00133 	20.50149
4300.00000 	317.16599 	5.24477 	21.50023 	20.50304
4400.00000 	317.51211 	5.02774 	22.00220 	20.50303
4500.00000 	317.87086 	4.81909 	22.49982 	20.50200
4600.00000 	318.26190 	4.61069 	23.00040 	20.49981
4700.00000 	318.65002 	4.40651 	23.50034 	20.50066
4800.00000 	319.06316 	4.21072 	24.00321 	20.50068
4900.00000 	319.53273 	4.05345 	24.50147 	20.50095
5000.00000 	320.22092 	3.99820 	25.00257 	20.50082
5100.00000 	320.92958 	3.94787 	25.49890 	20.50164
5200.00000 	321.64903 	3.89784 	26.00156 	20.49798
5300.00000 	322.22893 	3.82940 	26.49982 	20.50356
5400.00000 	322.73900 	3.75362 	27.00029 	20.50176
5500.00000 	323.24551 	3.67885 	27.50343 	20.50043
5600.00000 	323.78501 	3.60368 	28.00151 	20.50152
5700.00000 	324.32059 	3.42912 	28.50220 	20.50354
5800.00000 	324.88309 	3.22876 	29.00128 	20.50367
5900.00000 	325.46078 	3.04154 	29.50291 	20.50505
6000.00000 	326.03461 	2.86134 	30.00282 	20.50493
6100.00000 	326.52976 	2.69251 	30.37626 	20.50448
6200.00000 	327.00727 	2.53433 	30.75496 	20.50325
6300.00000 	327.49950 	2.38661 	31.13107 	20.50378
6400.00000 	328.00691 	2.24491 	31.50455 	20.50623
6500.00000 	328.45861 	2.14419 	31.87897 	20.50524
6600.00000 	328.85758 	2.07092 	32.25071 	20.50642
6700.00000 	329.30506 	1.99885 	32.62768 	20.50701
6800.00000 	329.73328 	1.93039 	33.00554 	20.50420
6900.00000 	330.16389 	1.86579 	33.38068 	20.50382
7000.00000 	330.53922 	1.80706 	33.75307 	20.50606
7100.00000 	330.90619 	1.74973 	34.12628 	20.50514
7200.00000 	331.31074 	1.69460 	34.50470 	20.50368
7300.00000 	331.73082 	1.64262 	34.88033 	20.50511
7400.00000 	332.09299 	1.58731 	35.25674 	20.50344
7500.00000 	332.43275 	1.53342 	35.63032 	20.50490
7600.00000 	332.78712 	1.48002 	36.00464 	20.50338
7700.00000 	333.15660 	1.42969 	36.37609 	20.50524
7800.00000 	333.54170 	1.37981 	36.75273 	20.50675
7900.00000 	333.85163 	1.31567 	37.13008 	20.50536
8000.00000 	334.15029 	1.25063 	37.50452 	20.50761
8100.00000 	334.49002 	1.18997 	37.87963 	20.50708
8200.00000 	334.81873 	1.13072 	38.25539 	20.50376
8300.00000 	335.19033 	1.07551 	38.62820 	20.50440
8400.00000 	335.48226 	1.01728 	39.00619 	20.50477
8500.00000 	335.78913 	0.96108 	39.37665 	20.50692
8600.00000 	336.08296 	0.90749 	39.75585 	20.50195
8700.00000 	336.42085 	0.85772 	40.12848 	20.50827
8800.00000 	336.77528 	0.80973 	40.50527 	20.50507
8900.00000 	337.08719 	0.76160 	40.87904 	20.50641
9000.00000 	337.41247 	0.71250 	41.25337 	20.50528
9100.00000 	337.75351 	0.66696 	41.62823 	20.50168
9200.00000 	338.09689 	0.62349 	42.00466 	20.50519
9300.00000 	338.47108 	0.58321 	42.37698 	20.50409
9400.00000 	338.84867 	0.54479 	42.75445 	20.50285
9500.00000 	339.17893 	0.50787 	43.12884 	20.50676
9600.00000 	339.46424 	0.47263 	43.50372 	20.50841
9700.00000 	339.81340 	0.43979 	43.87909 	20.50779
9800.00000 	340.14606 	0.40891 	44.25492 	20.50491
9900.00000 	340.49596 	0.38003 	44.62764 	20.50755
10000.00000 	340.88455 	0.35316 	45.00081 	20.50805
10100.00000 	341.21419 	0.32802 	45.00081 	20.50805
10200.00000 	341.52454 	0.30474 	45.00081 	20.50805
10300.00000 	341.83682 	0.28298 	45.00081 	20.50805
10400.00000 	342.18080 	0.26266 	45.00081 	20.50805
10500.00000 	342.54255 	0.24368 	45.00081 	20.50805
10600.00000 	342.94661 	0.22606 	45.00081 	20.50805
10700.00000 	343.30711 	0.20946 	45.00081 	20.50805
10800.00000 	343.63129 	0.19348 	45.00081 	20.50805
10900.00000 	343.93273 	0.17876 	45.00081 	20.50805
11000.00000 	344.29258 	0.16513 	45.00081 	20.50805
11100.00000 	344.67159 	0.15247 	45.00081 	20.50805
11200.00000 	345.02793 	0.14065 	45.00081 	20.50805
11300.00000 	345.44678 	0.12974 	45.00081 	20.50805
11400.00000 	345.87372 	0.11955 	45.00081 	20.50805
11500.00000 	346.27982 	0.11072 	45.00081 	20.50805
11600.00000 	346.74957 	0.10242 	45.00081 	20.50805
11700.00000 	347.19349 	0.09476 	45.00081 	20.50805
11800.00000 	347.70396 	0.08758 	45.00081 	20.50805
11900.00000 	348.18858 	0.08096 	45.00081 	20.50805
12000.00000 	348.69432 	0.07471 	45.00081 	20.50805
12100.00000 	349.27142 	0.06903 	45.00081 	20.50805
12200.00000 	349.80418 	0.06369 	45.00081 	20.50805
12300.00000 	350.28875 	0.05868 	45.00081 	20.50805
12400.00000 	350.84517 	0.05406 	45.00081 	20.50805
12500.00000 	351.37108 	0.04981 	45.00081 	20.50805
12600.00000 	351.97219 	0.04584 	45.00081 	20.50805
12700.00000 	352.54267 	0.04215 	45.00081 	20.50805
12800.00000 	353.15257 	0.03873 	45.00081 	20.50805
12900.00000 	353.82701 	0.03563 	45.00081 	20.50805
13000.00000 	354.47074 	0.03271 	45.00081 	20.50805
13100.00000 	355.04662 	0.03150 	45.00081 	20.50805
13200.00000 	355.62741 	0.03045 	45.00081 	20.50805
13300.00000 	356.24701 	0.02945 	45.00081 	20.50805
13400.00000 	356.88976 	0.02847 	45.00081 	20.50805
13500.00000 	357.55654 	0.02753 	45.00081 	20.50805
13600.00000 	358.24829 	0.02662 	45.00081 	20.50805
13700.00000 	358.96601 	0.02571 	45.00081 	20.50805
13800.00000 	359.71075 	0.02487 	45.00081 	20.50805
13900.00000 	360.48360 	0.02406 	45.00081 	20.50805
14000.00000 	361.26825 	0.02332 	45.00081 	20.50805
14100.00000 	362.04417 	0.02273 	43.75045 	20.50352
14200.00000 	362.77361 	0.02214 	42.50036 	20.50888
14300.00000 	363.59945 	0.02155 	41.25337 	20.50528
14400.00000 	364.43483 	0.02101 	40.00268 	20.50566
14500.00000 	365.24016 	0.02047 	38.74871 	20.50773
14600.00000 	366.14894 	0.01994 	37.50001 	20.50514
14700.00000 	367.00956 	0.01943 	36.24981 	20.50916
14800.00000 	367.97886 	0.01896 	34.99770 	20.50840
14900.00000 	368.98112 	0.01849 	33.75307 	20.50606
15000.00000 	369.93429 	0.01801 	32.50047 	20.50627
15100.00000 	371.06492 	0.01771 	31.24925 	20.51131
15200.00000 	372.42571 	0.01786 	29.99924 	20.51016
15300.00000 	373.71020 	0.01798 	28.75180 	20.50846
15400.00000 	375.13116 	0.01811 	27.49986 	20.50523
15500.00000 	376.58479 	0.01826 	26.24886 	20.50785
15600.00000 	378.07234 	0.01840 	24.99899 	20.50519
15700.00000 	379.48074 	0.01854 	23.74787 	20.50585
15800.00000 	381.03800 	0.01873 	22.50005 	20.50939
15900.00000 	382.63325 	0.01890 	21.24862 	20.50523
16000.00000 	384.24912 	0.01907 	19.99844 	20.50748
16100.00000 	385.94770 	0.01926 	19.99844 	20.50748
16200.00000 	387.65885 	0.01945 	19.99844 	20.50748
16300.00000 	389.39322 	0.01965 	19.99844 	20.50748
16400.00000 	391.14005 	0.01985 	19.99844 	20.50748
16500.00000 	392.88758 	0.02005 	19.99844 	20.50748
16600.00000 	394.66971 	0.02026 	19.99844 	20.50748
16700.00000 	396.45175 	0.02047 	19.99844 	20.50748
16800.00000 	398.25690 	0.02068 	19.99844 	20.50748
16900.00000 	400.07301 	0.02090 	19.99844 	20.50748
17000.00000 	401.91237 	0.02112 	19.99844 	20.50748
17100.00000 	403.76218 	0.02134 	19.99844 	20.50748
17200.00000 	405.63531 	0.02157 	19.99844 	20.50748
17300.00000 	407.51828 	0.02180 	19.99844 	20.50748
17400.00000 	409.41040 	0.02203 	19.99844 	20.50748
17500.00000 	411.32538 	0.02227 	19.99844 	20.50748
17600.00000 	413.26347 	0.02251 	19.99844 	20.50748
17700.00000 	415.20972 	0.02276 	19.99844 	20.50748
17800.00000 	417.17878 	0.02301 	19.99844 	20.50748
17900.00000 	419.17084 	0.02327 	19.99844 	20.50748
18000.00000 	421.16975 	0.02352 	19.99844 	20.50748
18100.00000 	423.19117 	0.02379 	19.99844 	20.50748
18200.00000 	425.23518 	0.02406 	19.99844 	20.50748
18300.00000 	427.28434 	0.02433 	19.99844 	20.50748
18400.00000 	429.37335 	0.02461 	19.99844 	20.50748
18500.00000 	431.46669 	0.02489 	19.99844 	20.50748
18600.00000 	433.58188 	0.02518 	19.99844 	20.50748
18700.00000 	435.71887 	0.02548 	19.99844 	20.50748
18800.00000 	437.87757 	0.02577 	19.99844 	20.50748
18900.00000 	440.03748 	0.02608 	19.99844 	20.50748
19000.00000 	442.23867 	0.02639 	19.99844 	20.50748
19100.00000 	444.46108 	0.02670 	19.99844 	20.50748
19200.00000 	446.70446 	0.02702 	19.99844 	20.50748
19300.00000 	448.94600 	0.02735 	19.99844 	20.50748
19400.00000 	451.22985 	0.02768 	19.99844 	20.50748
19500.00000 	453.53366 	0.02802 	19.99844 	20.50748
19600.00000 	455.85699 	0.02837 	19.99844 	20.50748
19700.00000 	458.19932 	0.02872 	19.99844 	20.50748
19800.00000 	460.56010 	0.02907 	19.99844 	20.50748
19900.00000 	462.96500 	0.02944 	19.99844 	20.50748
20000.00000 	465.38839 	0.02982 	19.99844 	20.50748
