%TITLE%
 IDEAL	010101/1200

   LEVEL	HGHT	TEMP	DWPT	WDIR	WSPD
------------------------------------------------------------------
%RAW%
 959.20,  0.00,  22.78,  17.22,  199.33,  15.88
 948.30,  100.00,  22.80,  16.52,  200.16,  19.32
 937.60,  200.00,  22.70,  15.63,  203.19,  24.49
 926.90,  300.00,  22.60,  14.74,  206.23,  29.72
 916.30,  400.00,  21.93,  13.88,  209.16,  31.72
 905.80,  500.00,  21.14,  13.03,  212.06,  33.12
 895.40,  600.00,  20.31,  12.42,  215.05,  33.94
 885.10,  700.00,  19.44,  12.12,  218.13,  33.98
 874.80,  800.00,  18.57,  11.82,  221.21,  34.13
 864.70,  900.00,  17.73,  11.61,  224.17,  34.43
 854.70,  1000.00,  16.90,  11.41,  227.12,  34.83
 844.70,  1100.00,  16.16,  11.10,  230.12,  35.26
 834.80,  1200.00,  15.52,  10.71,  233.14,  35.73
 825.00,  1300.00,  14.88,  10.32,  236.17,  36.31
 815.40,  1400.00,  14.44,  8.76,  239.21,  37.26
 805.80,  1500.00,  14.01,  7.21,  242.26,  38.33
 796.20,  1600.00,  13.53,  5.60,  244.95,  39.48
 786.80,  1700.00,  12.98,  3.91,  247.12,  40.63
 777.40,  1800.00,  12.43,  2.22,  249.30,  41.85
 768.20,  1900.00,  11.75,  1.31,  250.05,  42.49
 759.10,  2000.00,  11.02,  0.67,  250.31,  42.92
 750.00,  2100.00,  10.29,  0.03,  250.57,  43.37
 741.10,  2200.00,  9.72, -1.92,  249.66,  43.48
 732.20,  2300.00,  9.15, -3.88,  248.75,  43.60
 723.40,  2400.00,  8.52, -5.46,  248.05,  43.70
 714.70,  2500.00,  7.64, -5.46,  248.21,  43.54
 706.10,  2600.00,  6.76, -5.46,  248.36,  43.39
 697.50,  2700.00,  5.94, -5.55,  248.46,  43.37
 689.10,  2800.00,  5.23, -5.87,  248.42,  43.70
 680.60,  2900.00,  4.52, -6.18,  248.38,  44.01
 672.30,  3000.00,  3.82, -6.57,  248.35,  44.32
 664.10,  3100.00,  3.15, -7.13,  248.33,  44.63
 655.90,  3200.00,  2.48, -7.68,  248.31,  44.96
 647.80,  3300.00,  1.83, -8.36,  248.27,  45.27
 639.90,  3400.00,  1.23, -9.38,  248.18,  45.58
 632.00,  3500.00,  0.64, -10.40,  248.08,  45.91
 624.10,  3600.00,  0.04, -11.43,  247.99,  46.24
 616.40,  3700.00, -0.60, -12.47,  247.87,  46.65
 608.70,  3800.00, -1.25, -13.51,  247.76,  47.08
 601.10,  3900.00, -1.89, -14.56,  247.65,  47.51
 593.60,  4000.00, -2.68, -15.33,  247.65,  47.62
 586.20,  4100.00, -3.49, -16.07,  247.67,  47.70
 578.80,  4200.00, -4.30, -16.81,  247.70,  47.78
 571.40,  4300.00, -5.10, -17.53,  247.75,  47.84
 564.30,  4400.00, -5.90, -18.22,  247.83,  47.90
 557.10,  4500.00, -6.69, -18.92,  247.92,  47.95
 549.90,  4600.00, -7.48, -19.62,  248.00,  47.99
 542.90,  4700.00, -8.29, -20.35,  248.24,  47.95
 536.00,  4800.00, -9.10, -21.07,  248.47,  47.90
 529.10,  4900.00, -9.91, -21.80,  248.70,  47.86
 522.20,  5000.00, -10.70, -22.59,  249.11,  47.68
 515.50,  5100.00, -11.48, -23.48,  249.75,  47.37
 508.80,  5200.00, -12.26, -24.36,  250.39,  47.08
 502.10,  5300.00, -13.03, -25.25,  251.03,  46.77
 495.60,  5400.00, -13.78, -26.28,  252.11,  46.26
 489.20,  5500.00, -14.50, -27.38,  253.40,  45.66
 482.70,  5600.00, -15.23, -28.48,  254.69,  45.08
 476.30,  5700.00, -15.96, -29.58,  255.98,  44.53
 470.00,  5800.00, -16.62, -30.75,  257.69,  44.16
 463.90,  5900.00, -17.27, -31.93,  259.50,  43.89
 457.70,  6000.00, -17.91, -33.11,  261.31,  43.66
 451.50,  6100.00, -18.56, -34.29,  263.12,  43.46
 445.50,  6200.00, -19.29, -35.43,  264.37,  43.76
 439.60,  6300.00, -20.05, -36.57,  265.43,  44.22
 433.70,  6400.00, -20.80, -37.70,  266.50,  44.71
 427.80,  6500.00, -21.56, -38.83,  267.56,  45.19
 422.10,  6600.00, -22.33, -39.98,  268.43,  45.72
 416.40,  6700.00, -23.12, -41.15,  269.13,  46.26
 410.80,  6800.00, -23.91, -42.31,  269.83,  46.81
 405.10,  6900.00, -24.70, -43.48,  270.53,  47.35
 399.50,  7000.00, -25.50, -44.60,  271.22,  47.88
 394.10,  7100.00, -26.30, -45.32,  271.85,  48.09
 388.80,  7200.00, -27.11, -46.05,  272.48,  48.32
 383.40,  7300.00, -27.92, -46.77,  273.11,  48.56
 378.00,  7400.00, -28.73, -47.49,  273.74,  48.79
 372.80,  7500.00, -29.54, -48.19,  274.39,  49.04
 367.60,  7600.00, -30.36, -48.85,  275.08,  49.30
 362.50,  7700.00, -31.17, -49.51,  275.76,  49.57
 357.40,  7800.00, -31.99, -50.16,  276.45,  49.86
 352.30,  7900.00, -32.81, -50.82,  277.13,  50.13
 347.30,  8000.00, -33.63, -51.47,  277.77,  50.40
 342.50,  8100.00, -34.44, -52.11,  278.37,  50.68
 337.60,  8200.00, -35.26, -52.75,  278.97,  50.93
 332.70,  8300.00, -36.07, -53.39,  279.57,  51.20
 327.90,  8400.00, -36.89, -54.03,  280.16,  51.49
 323.10,  8500.00, -37.67, -54.52,  280.61,  51.67
 318.60,  8600.00, -38.42, -54.80,  280.83,  51.73
 314.00,  8700.00, -39.16, -55.08,  281.05,  51.78
 309.50,  8800.00, -39.90, -55.36,  281.27,  51.84
 304.90,  8900.00, -40.64, -55.64,  281.49,  51.90
 300.40,  9000.00, -41.39, -55.92,  281.71,  51.96
 296.10,  9100.00, -42.11, -56.21,  281.61,  52.17
 291.80,  9200.00, -42.83, -56.50,  281.47,  52.39
 287.50,  9300.00, -43.55, -56.79,  281.34,  52.62
 283.20,  9400.00, -44.27, -57.09,  281.20,  52.85
 279.00,  9500.00, -44.99, -57.38,  281.06,  53.09
 274.70,  9600.00, -45.71, -57.67,  280.92,  53.32
 270.70,  9700.00, -46.40, -57.99,  280.67,  53.67
 266.70,  9800.00, -47.09, -58.30,  280.42,  54.02
 262.80,  9900.00, -47.78, -58.61,  280.17,  54.39
 258.80,  10000.00, -48.47, -58.93,  279.92,  54.74
 254.80,  10100.00, -49.16, -59.24,  279.66,  55.11
 250.80,  10200.00, -49.85, -59.55,  279.41,  55.46
 247.10,  10300.00, -50.54, -59.95,  279.09,  55.59
 243.40,  10400.00, -51.23, -60.36,  278.76,  55.65
 239.70,  10500.00, -51.93, -60.77,  278.42,  55.71
 236.10,  10600.00, -52.62, -61.19,  278.08,  55.79
 232.40,  10700.00, -53.32, -61.60,  277.75,  55.85
 228.70,  10800.00, -54.01, -62.01,  277.41,  55.92
 225.10,  10900.00, -54.71, -62.42,  277.07,  56.00
 221.70,  11000.00, -55.38, -62.88,  276.55,  55.05
 218.30,  11100.00, -56.05, -63.33,  276.03,  54.08
 215.00,  11200.00, -56.72, -63.78,  275.51,  53.13
 211.60,  11300.00, -57.38, -64.24,  274.98,  52.15
 208.30,  11400.00, -58.05, -64.69,  274.46,  51.20
 204.90,  11500.00, -58.72, -65.15,  273.94,  50.27
 201.60,  11600.00, -59.39, -65.60,  273.41,  49.32
 198.40,  11700.00, -59.94, -65.95,  272.42,  47.88
 195.30,  11800.00, -60.39, -66.22,  271.02,  46.03
 192.30,  11900.00, -60.84, -66.48,  269.61,  44.18
 189.30,  12000.00, -61.29, -66.74,  268.21,  42.38
 186.30,  12100.00, -61.74, -67.01,  266.81,  40.57
 183.20,  12200.00, -62.19, -67.27,  265.41,  38.80
 180.20,  12300.00, -62.64, -67.54,  264.01,  37.05
 177.20,  12400.00, -63.09, -67.80,  262.60,  35.34
 174.30,  12500.00, -63.28, -67.99,  261.70,  34.21
 171.60,  12600.00, -62.82, -68.01,  262.07,  34.50
 169.00,  12700.00, -62.36, -68.03,  262.44,  34.78
 166.40,  12800.00, -61.90, -68.05,  262.81,  35.07
 163.80,  12900.00, -61.44, -68.06,  263.18,  35.34
 161.20,  13000.00, -60.98, -68.08,  263.55,  35.63
 158.50,  13100.00, -60.52, -68.10,  263.92,  35.92
 155.90,  13200.00, -60.06, -68.11,  264.29,  36.21
 153.30,  13300.00, -59.60, -68.13,  264.66,  36.49
 150.70,  13400.00, -59.14, -68.15,  265.03,  36.78
 148.40,  13500.00, -58.95, -68.32,  266.38,  35.67
 146.20,  13600.00, -58.86, -68.54,  268.07,  34.08
 144.10,  13700.00, -58.77, -68.77,  269.76,  32.48
 141.90,  13800.00, -58.68, -68.99,  271.44,  30.93
 139.80,  13900.00, -58.59, -69.22,  273.13,  29.37
 137.60,  14000.00, -58.50, -69.44,  274.82,  27.82
 135.50,  14100.00, -58.41, -69.67,  276.51,  26.30
 133.30,  14200.00, -58.32, -69.89,  278.20,  24.80
 131.20,  14300.00, -58.23, -70.12,  279.89,  23.35
 129.00,  14400.00, -58.14, -70.34,  281.57,  21.91
 126.90,  14500.00, -58.05, -70.56,  283.26,  20.51
 124.80,  14600.00, -57.98, -70.75,  285.01,  19.24
 123.00,  14700.00, -58.01, -70.65,  287.18,  18.51
 121.30,  14800.00, -58.05, -70.56,  289.35,  17.79
 119.50,  14900.00, -58.09, -70.47,  291.53,  17.07
 117.70,  15000.00, -58.13, -70.37,  293.70,  16.37
 116.00,  15100.00, -58.17, -70.28,  295.87,  15.69
 114.20,  15200.00, -58.21, -70.18,  298.04,  15.01
 112.50,  15300.00, -58.25, -70.09,  300.21,  14.35
 110.70,  15400.00, -58.28, -69.99,  302.38,  13.70
 108.90,  15500.00, -58.32, -69.90,  304.55,  13.08
 107.20,  15600.00, -58.36, -69.81,  306.72,  12.48
 105.40,  15700.00, -58.40, -69.71,  308.89,  11.90
 103.70,  15800.00, -58.44, -69.62,  311.06,  11.35
 101.90,  15900.00, -58.48, -69.52,  313.23,  10.85
 100.20,  16000.00, -58.52, -69.43,  315.40,  10.38
%END%
