991.60000 	296.64445 	15.77220
0.00000 	296.64409 	15.77220 	-0.00000 	0.00000
100.00000 	298.37272 	17.24734 	-0.00000 	2.75228
200.00000 	299.29454 	17.43921 	-0.00000 	5.49941
300.00000 	299.68501 	15.85655 	0.53615 	9.47119
400.00000 	299.91460 	14.75527 	1.07133 	11.06540
500.00000 	300.11307 	14.53724 	1.60716 	12.25718
600.00000 	300.57867 	14.32962 	2.14179 	13.22381
700.00000 	300.73849 	13.89448 	2.67836 	14.05376
800.00000 	300.82609 	13.58650 	3.21428 	14.77917
900.00000 	301.02582 	13.72241 	3.75069 	15.42104
1000.00000 	301.09161 	13.65872 	4.28603 	15.99570
1100.00000 	301.11425 	13.11045 	4.82111 	16.51902
1200.00000 	301.12522 	12.44773 	5.35714 	16.99067
1300.00000 	301.36498 	11.99794 	5.89348 	17.42154
1400.00000 	302.11951 	11.94768 	6.43012 	17.81157
1500.00000 	303.17207 	12.11672 	6.96617 	18.16644
1600.00000 	303.21530 	11.50412 	7.50121 	18.49178
1700.00000 	303.42666 	11.02279 	8.03659 	18.78698
1800.00000 	303.76536 	10.68318 	8.57059 	19.05265
1900.00000 	303.90136 	10.25242 	9.10716 	19.29248
2000.00000 	304.04685 	9.80956 	9.64395 	19.51305
2100.00000 	304.20225 	9.37793 	10.17867 	19.70393
2200.00000 	304.48544 	9.04906 	10.71483 	19.87466
2300.00000 	304.74708 	8.70679 	11.25157 	20.02549
2400.00000 	304.93206 	8.33454 	11.78548 	20.15228
2500.00000 	305.21387 	8.03235 	12.32172 	20.25770
2600.00000 	305.57254 	7.76792 	12.85877 	20.34842
2700.00000 	306.17148 	7.63333 	13.39400 	20.41370
2800.00000 	306.57465 	7.40608 	13.93227 	20.46228
2900.00000 	306.67932 	7.02680 	14.46656 	20.49247
3000.00000 	306.92442 	6.44579 	14.99974 	20.50205
3100.00000 	307.26018 	5.32124 	15.49986 	20.50192
3200.00000 	307.98446 	4.16001 	15.99965 	20.50073
3300.00000 	308.92339 	3.40036 	16.50231 	20.50274
3400.00000 	309.67406 	2.95542 	17.00144 	20.50016
3500.00000 	310.06497 	2.88203 	17.49994 	20.50429
3600.00000 	310.46599 	2.81007 	17.99834 	20.50151
3700.00000 	310.87961 	2.73996 	18.49978 	20.50286
3800.00000 	311.30891 	2.67209 	19.00088 	20.50472
3900.00000 	311.65172 	2.60886 	19.50167 	20.50025
4000.00000 	311.88306 	2.55001 	20.00202 	20.50398
4100.00000 	312.14022 	2.49299 	20.50192 	20.50192
4200.00000 	312.39435 	2.43694 	21.00133 	20.50149
4300.00000 	312.68703 	2.38264 	21.50023 	20.50304
4400.00000 	312.96546 	2.32927 	22.00220 	20.50303
4500.00000 	313.27200 	2.27759 	22.49982 	20.50200
4600.00000 	313.57627 	2.22679 	23.00040 	20.49981
4700.00000 	313.83016 	2.15098 	23.50034 	20.50066
4800.00000 	314.09181 	2.07558 	24.00321 	20.50068
4900.00000 	314.35371 	2.00436 	24.50147 	20.50095
5000.00000 	314.63993 	1.93388 	25.00257 	20.50082
5100.00000 	314.93906 	1.86579 	25.49890 	20.50164
5200.00000 	315.23950 	1.80000 	26.00156 	20.49798
5300.00000 	315.56566 	1.73645 	26.49982 	20.50356
5400.00000 	315.96767 	1.59848 	27.00029 	20.50176
5500.00000 	316.39698 	1.43640 	27.50343 	20.50043
5600.00000 	316.83458 	1.28901 	28.00151 	20.50152
5700.00000 	317.29252 	1.15662 	28.50220 	20.50354
5800.00000 	317.76558 	1.04029 	29.00128 	20.50367
5900.00000 	317.99374 	1.00900 	29.50291 	20.50505
6000.00000 	318.22203 	0.97865 	30.00282 	20.50493
6100.00000 	318.45616 	0.94900 	30.37626 	20.50448
6200.00000 	318.71030 	0.92128 	30.75496 	20.50325
6300.00000 	318.99065 	0.89358 	31.13107 	20.50378
6400.00000 	319.25242 	0.86652 	31.50455 	20.50623
6500.00000 	319.56141 	0.84048 	31.87897 	20.50524
6600.00000 	319.87298 	0.81598 	32.25071 	20.50642
6700.00000 	319.98421 	0.79766 	32.62768 	20.50701
6800.00000 	320.09451 	0.77979 	33.00554 	20.50420
6900.00000 	320.20801 	0.76288 	33.38068 	20.50382
7000.00000 	320.34273 	0.74657 	33.75307 	20.50606
7100.00000 	320.50332 	0.73066 	34.12628 	20.50514
7200.00000 	320.66446 	0.71448 	34.50470 	20.50368
7300.00000 	320.85250 	0.69936 	34.88033 	20.50511
7400.00000 	321.04197 	0.68462 	35.25674 	20.50344
7500.00000 	321.23577 	0.66946 	35.63032 	20.50490
7600.00000 	321.45528 	0.65547 	36.00464 	20.50338
7700.00000 	321.70401 	0.64184 	36.37609 	20.50524
7800.00000 	322.10746 	0.62095 	36.75273 	20.50675
7900.00000 	322.63723 	0.59587 	37.13008 	20.50536
8000.00000 	323.18408 	0.57176 	37.50452 	20.50761
8100.00000 	323.74858 	0.54859 	37.87963 	20.50708
8200.00000 	324.31787 	0.52632 	38.25539 	20.50376
8300.00000 	325.69185 	0.47291 	38.62820 	20.50440
8400.00000 	327.96059 	0.37603 	39.00619 	20.50477
8500.00000 	328.03299 	0.35484 	39.37665 	20.50692
8600.00000 	328.13192 	0.33520 	39.75585 	20.50195
8700.00000 	328.21535 	0.31616 	40.12848 	20.50827
8800.00000 	328.34054 	0.29821 	40.50527 	20.50507
8900.00000 	328.46420 	0.28112 	40.87904 	20.50641
9000.00000 	328.61758 	0.26530 	41.25337 	20.50528
9100.00000 	328.75572 	0.24997 	41.62823 	20.50168
9200.00000 	328.93932 	0.23554 	42.00466 	20.50519
9300.00000 	329.13909 	0.22212 	42.37698 	20.50409
9400.00000 	329.33808 	0.20913 	42.75445 	20.50285
9500.00000 	329.57164 	0.19692 	43.12884 	20.50676
9600.00000 	329.79054 	0.18551 	43.50372 	20.50841
9700.00000 	330.06046 	0.17459 	43.87909 	20.50779
9800.00000 	330.33048 	0.16422 	44.25492 	20.50491
9900.00000 	330.63978 	0.15448 	44.62764 	20.50755
10000.00000 	330.90017 	0.14519 	45.00081 	20.50805
10100.00000 	330.90210 	0.13530 	45.00081 	20.50805
10200.00000 	330.95242 	0.12623 	45.00081 	20.50805
10300.00000 	330.99479 	0.11768 	45.00081 	20.50805
10400.00000 	331.07286 	0.10958 	45.00081 	20.50805
10500.00000 	331.16581 	0.10212 	45.00081 	20.50805
10600.00000 	331.25096 	0.09499 	45.00081 	20.50805
10700.00000 	331.37488 	0.08845 	45.00081 	20.50805
10800.00000 	331.47611 	0.08230 	45.00081 	20.50805
10900.00000 	331.64843 	0.07649 	45.00081 	20.50805
11000.00000 	331.78309 	0.07112 	45.00081 	20.50805
11100.00000 	331.97637 	0.06605 	45.00081 	20.50805
11200.00000 	332.16241 	0.06137 	45.00081 	20.50805
11300.00000 	332.39472 	0.05695 	45.00081 	20.50805
11400.00000 	332.64809 	0.05289 	45.00081 	20.50805
11500.00000 	332.89473 	0.04909 	45.00081 	20.50805
11600.00000 	333.19226 	0.04550 	45.00081 	20.50805
11700.00000 	333.46786 	0.04219 	45.00081 	20.50805
11800.00000 	333.82914 	0.03908 	45.00081 	20.50805
11900.00000 	334.35859 	0.03594 	45.00081 	20.50805
12000.00000 	335.08559 	0.03288 	45.00081 	20.50805
12100.00000 	335.83735 	0.03003 	45.00081 	20.50805
12200.00000 	336.61485 	0.02745 	45.00081 	20.50805
12300.00000 	337.65798 	0.02622 	45.00081 	20.50805
12400.00000 	338.98512 	0.02627 	45.00081 	20.50805
12500.00000 	340.68905 	0.02631 	45.00081 	20.50805
12600.00000 	342.84363 	0.02632 	45.00081 	20.50805
12700.00000 	344.75751 	0.02637 	45.00081 	20.50805
12800.00000 	346.20613 	0.02501 	45.00081 	20.50805
12900.00000 	346.89123 	0.02154 	45.00081 	20.50805
13000.00000 	347.55945 	0.01853 	45.00081 	20.50805
13100.00000 	348.31245 	0.01590 	45.00081 	20.50805
13200.00000 	349.33443 	0.01406 	45.00081 	20.50805
13300.00000 	351.63556 	0.01408 	45.00081 	20.50805
13400.00000 	353.81347 	0.01410 	45.00081 	20.50805
13500.00000 	355.81273 	0.01413 	45.00081 	20.50805
13600.00000 	357.71261 	0.01415 	45.00081 	20.50805
13700.00000 	359.65020 	0.01417 	45.00081 	20.50805
13800.00000 	361.53950 	0.01418 	45.00081 	20.50805
13900.00000 	363.44879 	0.01420 	45.00081 	20.50805
14000.00000 	365.34090 	0.01421 	45.00081 	20.50805
14100.00000 	367.28754 	0.01425 	43.75045 	20.50352
14200.00000 	369.27275 	0.01427 	42.50036 	20.50888
14300.00000 	371.21986 	0.01428 	41.25337 	20.50528
14400.00000 	372.92068 	0.01429 	40.00268 	20.50566
14500.00000 	374.33490 	0.01431 	38.74871 	20.50773
14600.00000 	375.87999 	0.01432 	37.50001 	20.50514
14700.00000 	377.44172 	0.01436 	36.24981 	20.50916
14800.00000 	378.95288 	0.01436 	34.99770 	20.50840
14900.00000 	380.58578 	0.01438 	33.75307 	20.50606
15000.00000 	382.16724 	0.01442 	32.50047 	20.50627
15100.00000 	383.87693 	0.01445 	31.24925 	20.51131
15200.00000 	386.10631 	0.01449 	29.99924 	20.51016
15300.00000 	389.44840 	0.01449 	28.75180 	20.50846
15400.00000 	392.92008 	0.01453 	27.49986 	20.50523
15500.00000 	396.36497 	0.01456 	26.24886 	20.50785
15600.00000 	399.84405 	0.01457 	24.99899 	20.50519
15700.00000 	401.76113 	0.01459 	23.74787 	20.50585
15800.00000 	403.56967 	0.01460 	22.50005 	20.50939
15900.00000 	405.39338 	0.01460 	21.24862 	20.50523
16000.00000 	407.27147 	0.01461 	19.99844 	20.50748
16100.00000 	409.50837 	0.01468 	19.99844 	20.50748
16200.00000 	411.76246 	0.01474 	19.99844 	20.50748
16300.00000 	414.04551 	0.01480 	19.99844 	20.50748
16400.00000 	416.33327 	0.01487 	19.99844 	20.50748
16500.00000 	418.64983 	0.01493 	19.99844 	20.50748
16600.00000 	420.99565 	0.01500 	19.99844 	20.50748
16700.00000 	423.34458 	0.01507 	19.99844 	20.50748
16800.00000 	425.73607 	0.01514 	19.99844 	20.50748
16900.00000 	428.12961 	0.01521 	19.99844 	20.50748
17000.00000 	430.55223 	0.01528 	19.99844 	20.50748
17100.00000 	433.00434 	0.01535 	19.99844 	20.50748
17200.00000 	435.47126 	0.01542 	19.99844 	20.50748
17300.00000 	437.96769 	0.01550 	19.99844 	20.50748
17400.00000 	440.47815 	0.01557 	19.99844 	20.50748
17500.00000 	443.01801 	0.01565 	19.99844 	20.50748
17600.00000 	445.57094 	0.01573 	19.99844 	20.50748
17700.00000 	448.17007 	0.01581 	19.99844 	20.50748
17800.00000 	450.76445 	0.01589 	19.99844 	20.50748
17900.00000 	453.40549 	0.01597 	19.99844 	20.50748
18000.00000 	456.05793 	0.01606 	19.99844 	20.50748
18100.00000 	458.75831 	0.01614 	19.99844 	20.50748
18200.00000 	461.45004 	0.01623 	19.99844 	20.50748
18300.00000 	464.18993 	0.01632 	19.99844 	20.50748
18400.00000 	466.95915 	0.01641 	19.99844 	20.50748
18500.00000 	469.73676 	0.01650 	19.99844 	20.50748
18600.00000 	472.56414 	0.01659 	19.99844 	20.50748
18700.00000 	475.39875 	0.01668 	19.99844 	20.50748
18800.00000 	478.28409 	0.01678 	19.99844 	20.50748
18900.00000 	481.17527 	0.01688 	19.99844 	20.50748
19000.00000 	484.09415 	0.01697 	19.99844 	20.50748
19100.00000 	487.06499 	0.01708 	19.99844 	20.50748
19200.00000 	490.03906 	0.01718 	19.99844 	20.50748
19300.00000 	493.06575 	0.01728 	19.99844 	20.50748
19400.00000 	496.09355 	0.01739 	19.99844 	20.50748
19500.00000 	499.17446 	0.01750 	19.99844 	20.50748
19600.00000 	502.28205 	0.01761 	19.99844 	20.50748
19700.00000 	505.41573 	0.01772 	19.99844 	20.50748
19800.00000 	508.60445 	0.01783 	19.99844 	20.50748
19900.00000 	511.78895 	0.01795 	19.99844 	20.50748
20000.00000 	515.02852 	0.01806 	19.99844 	20.50748
