856.00000 	310.42515 	11.82387
0.00000 	310.41828 	11.82387 	-0.00000 	0.00000
100.00000 	310.42381 	11.92995 	-0.00000 	2.75228
200.00000 	310.42712 	11.69427 	-0.00000 	5.49941
300.00000 	310.44955 	11.47284 	0.53615 	9.47119
400.00000 	310.44832 	11.46698 	1.07133 	11.06540
500.00000 	310.46647 	11.52613 	1.60716 	12.25718
600.00000 	310.48241 	11.56218 	2.14179 	13.22381
700.00000 	310.54899 	11.47961 	2.67836 	14.05376
800.00000 	310.68905 	11.39878 	3.21428 	14.77917
900.00000 	310.85969 	11.24144 	3.75069 	15.42104
1000.00000 	311.09354 	10.98766 	4.28603 	15.99570
1100.00000 	311.31520 	10.73108 	4.82111 	16.51902
1200.00000 	311.75398 	10.04945 	5.35714 	16.99067
1300.00000 	312.28981 	9.19124 	5.89348 	17.42154
1400.00000 	312.85051 	8.39489 	6.43012 	17.81157
1500.00000 	313.33214 	7.44345 	6.96617 	18.16644
1600.00000 	313.80396 	6.53340 	7.50121 	18.49178
1700.00000 	314.28823 	5.72462 	8.03659 	18.78698
1800.00000 	314.60578 	5.26779 	8.57059 	19.05265
1900.00000 	314.88643 	4.89681 	9.10716 	19.29248
2000.00000 	315.19156 	4.54679 	9.64395 	19.51305
2100.00000 	315.42549 	4.30165 	10.17867 	19.70393
2200.00000 	315.65926 	4.08710 	10.71483 	19.87466
2300.00000 	315.90187 	3.88177 	11.25157 	20.02549
2400.00000 	316.24394 	3.70514 	11.78548 	20.15228
2500.00000 	316.62945 	3.54354 	12.32172 	20.25770
2600.00000 	317.03882 	3.39109 	12.85877 	20.34842
2700.00000 	317.32046 	3.24925 	13.39400 	20.41370
2800.00000 	317.48103 	3.11679 	13.93227 	20.46228
2900.00000 	317.66741 	2.98985 	14.46656 	20.49247
3000.00000 	317.86178 	2.86953 	14.99974 	20.50205
3100.00000 	318.12211 	2.75984 	15.49986 	20.50192
3200.00000 	318.37894 	2.65576 	15.99965 	20.50073
3300.00000 	318.64781 	2.55538 	16.50231 	20.50274
3400.00000 	318.93233 	2.46169 	17.00144 	20.50016
3500.00000 	319.24082 	2.37316 	17.49994 	20.50429
3600.00000 	319.57381 	2.28581 	17.99834 	20.50151
3700.00000 	319.93889 	2.20111 	18.49978 	20.50286
3800.00000 	320.45534 	2.11900 	19.00088 	20.50472
3900.00000 	320.96908 	2.03941 	19.50167 	20.50025
4000.00000 	321.48520 	1.96266 	20.00202 	20.50398
4100.00000 	321.90202 	1.82183 	20.50192 	20.50192
4200.00000 	322.25447 	1.65049 	21.00133 	20.50149
4300.00000 	322.60223 	1.49350 	21.50023 	20.50304
4400.00000 	322.98176 	1.35152 	22.00220 	20.50303
4500.00000 	323.29518 	1.19375 	22.49982 	20.50200
4600.00000 	323.64053 	1.04835 	23.00040 	20.49981
4700.00000 	323.98066 	0.91891 	23.50034 	20.50066
4800.00000 	324.33466 	0.80334 	24.00321 	20.50068
4900.00000 	324.63869 	0.71896 	24.50147 	20.50095
5000.00000 	324.93616 	0.64612 	25.00257 	20.50082
5100.00000 	325.26728 	0.57959 	25.49890 	20.50164
5200.00000 	325.59216 	0.51969 	26.00156 	20.49798
5300.00000 	325.92300 	0.48300 	26.49982 	20.50356
5400.00000 	326.25949 	0.45595 	27.00029 	20.50176
5500.00000 	326.61014 	0.43030 	27.50343 	20.50043
5600.00000 	326.97541 	0.40599 	28.00151 	20.50152
5700.00000 	327.30809 	0.38927 	28.50220 	20.50354
5800.00000 	327.57215 	0.38226 	29.00128 	20.50367
5900.00000 	327.87261 	0.37588 	29.50291 	20.50505
6000.00000 	328.16476 	0.36919 	30.00282 	20.50493
6100.00000 	328.47151 	0.36265 	30.37626 	20.50448
6200.00000 	328.71975 	0.36319 	30.75496 	20.50325
6300.00000 	328.96892 	0.36451 	31.13107 	20.50378
6400.00000 	329.20803 	0.36580 	31.50455 	20.50623
6500.00000 	329.48610 	0.36726 	31.87897 	20.50524
6600.00000 	329.75439 	0.36797 	32.25071 	20.50642
6700.00000 	330.01232 	0.36140 	32.62768 	20.50701
6800.00000 	330.24594 	0.35524 	33.00554 	20.50420
6900.00000 	330.50754 	0.34887 	33.38068 	20.50382
7000.00000 	330.78435 	0.34300 	33.75307 	20.50606
7100.00000 	331.07689 	0.33524 	34.12628 	20.50514
7200.00000 	331.37108 	0.31828 	34.50470 	20.50368
7300.00000 	331.69448 	0.30191 	34.88033 	20.50511
7400.00000 	332.01941 	0.28624 	35.25674 	20.50344
7500.00000 	332.34662 	0.27133 	35.63032 	20.50490
7600.00000 	332.73326 	0.25723 	36.00464 	20.50338
7700.00000 	333.11820 	0.24665 	36.37609 	20.50524
7800.00000 	333.50344 	0.23666 	36.75273 	20.50675
7900.00000 	333.93550 	0.22737 	37.13008 	20.50536
8000.00000 	334.34030 	0.21836 	37.50452 	20.50761
8100.00000 	334.80802 	0.20955 	37.87963 	20.50708
8200.00000 	335.31925 	0.20145 	38.25539 	20.50376
8300.00000 	335.90796 	0.19449 	38.62820 	20.50440
8400.00000 	336.54775 	0.18764 	39.00619 	20.50477
8500.00000 	337.18792 	0.18116 	39.37665 	20.50692
8600.00000 	337.86734 	0.17496 	39.75585 	20.50195
8700.00000 	338.53311 	0.16874 	40.12848 	20.50827
8800.00000 	339.19063 	0.16220 	40.50527 	20.50507
8900.00000 	339.68119 	0.15343 	40.87904 	20.50641
9000.00000 	340.13923 	0.14506 	41.25337 	20.50528
9100.00000 	340.66693 	0.13716 	41.62823 	20.50168
9200.00000 	341.17685 	0.12962 	42.00466 	20.50519
9300.00000 	341.74446 	0.12252 	42.37698 	20.50409
9400.00000 	342.27966 	0.11587 	42.75445 	20.50285
9500.00000 	342.68187 	0.10960 	43.12884 	20.50676
9600.00000 	343.07237 	0.10365 	43.50372 	20.50841
9700.00000 	343.44066 	0.09807 	43.87909 	20.50779
9800.00000 	343.86846 	0.09271 	44.25492 	20.50491
9900.00000 	344.27411 	0.08769 	44.62764 	20.50755
10000.00000 	344.74204 	0.08287 	45.00081 	20.50805
10100.00000 	345.18792 	0.07827 	45.00081 	20.50805
10200.00000 	345.67181 	0.07405 	45.00081 	20.50805
10300.00000 	346.11715 	0.07006 	45.00081 	20.50805
10400.00000 	346.62709 	0.06623 	45.00081 	20.50805
10500.00000 	347.11147 	0.06257 	45.00081 	20.50805
10600.00000 	347.64782 	0.05920 	45.00081 	20.50805
10700.00000 	348.17418 	0.05591 	45.00081 	20.50805
10800.00000 	348.77138 	0.05288 	45.00081 	20.50805
10900.00000 	349.39301 	0.04995 	45.00081 	20.50805
11000.00000 	349.98001 	0.04737 	45.00081 	20.50805
11100.00000 	350.58751 	0.04491 	45.00081 	20.50805
11200.00000 	351.28481 	0.04255 	45.00081 	20.50805
11300.00000 	351.93657 	0.04034 	45.00081 	20.50805
11400.00000 	352.66562 	0.03825 	45.00081 	20.50805
11500.00000 	353.36502 	0.03625 	45.00081 	20.50805
11600.00000 	354.08915 	0.03435 	45.00081 	20.50805
11700.00000 	354.89643 	0.03257 	45.00081 	20.50805
11800.00000 	355.68892 	0.03082 	45.00081 	20.50805
11900.00000 	356.56247 	0.02922 	45.00081 	20.50805
12000.00000 	357.44388 	0.02770 	45.00081 	20.50805
12100.00000 	358.36726 	0.02622 	45.00081 	20.50805
12200.00000 	359.30021 	0.02485 	45.00081 	20.50805
12300.00000 	360.27722 	0.02355 	45.00081 	20.50805
12400.00000 	361.26571 	0.02232 	45.00081 	20.50805
12500.00000 	362.30058 	0.02112 	45.00081 	20.50805
12600.00000 	363.36617 	0.02000 	45.00081 	20.50805
12700.00000 	364.44652 	0.01895 	45.00081 	20.50805
12800.00000 	365.77809 	0.01844 	45.00081 	20.50805
12900.00000 	367.22421 	0.01802 	45.00081 	20.50805
13000.00000 	368.68256 	0.01764 	45.00081 	20.50805
13100.00000 	370.18892 	0.01724 	45.00081 	20.50805
13200.00000 	371.70951 	0.01688 	45.00081 	20.50805
13300.00000 	373.28053 	0.01651 	45.00081 	20.50805
13400.00000 	374.86801 	0.01614 	45.00081 	20.50805
13500.00000 	376.42759 	0.01580 	45.00081 	20.50805
13600.00000 	378.08541 	0.01546 	45.00081 	20.50805
13700.00000 	379.79924 	0.01514 	45.00081 	20.50805
13800.00000 	381.53475 	0.01482 	45.00081 	20.50805
13900.00000 	383.08051 	0.01440 	45.00081 	20.50805
14000.00000 	384.46168 	0.01391 	45.00081 	20.50805
14100.00000 	385.80097 	0.01342 	43.75045 	20.50352
14200.00000 	387.16939 	0.01295 	42.50036 	20.50888
14300.00000 	388.66300 	0.01251 	41.25337 	20.50528
14400.00000 	390.09467 	0.01207 	40.00268 	20.50566
14500.00000 	391.54016 	0.01165 	38.74871 	20.50773
14600.00000 	393.13873 	0.01125 	37.50001 	20.50514
14700.00000 	394.67343 	0.01086 	36.24981 	20.50916
14800.00000 	396.24449 	0.01049 	34.99770 	20.50840
14900.00000 	397.85332 	0.01011 	33.75307 	20.50606
15000.00000 	399.61115 	0.00977 	32.50047 	20.50627
15100.00000 	401.28334 	0.00943 	31.24925 	20.51131
15200.00000 	403.01728 	0.00911 	29.99924 	20.51016
15300.00000 	404.96737 	0.00966 	28.75180 	20.50846
15400.00000 	407.07026 	0.01049 	27.49986 	20.50523
15500.00000 	409.10923 	0.01138 	26.24886 	20.50785
15600.00000 	411.16348 	0.01232 	24.99899 	20.50519
15700.00000 	413.27333 	0.01336 	23.74787 	20.50585
15800.00000 	415.40070 	0.01449 	22.50005 	20.50939
15900.00000 	417.71845 	0.01572 	21.24862 	20.50523
16000.00000 	419.92691 	0.01705 	19.99844 	20.50748
16100.00000 	422.53579 	0.01853 	19.99844 	20.50748
16200.00000 	425.17621 	0.02015 	19.99844 	20.50748
16300.00000 	427.83406 	0.02190 	19.99844 	20.50748
16400.00000 	430.52359 	0.02379 	19.99844 	20.50748
16500.00000 	433.22990 	0.02585 	19.99844 	20.50748
16600.00000 	435.96791 	0.02807 	19.99844 	20.50748
16700.00000 	438.73800 	0.03048 	19.99844 	20.50748
16800.00000 	441.52396 	0.03309 	19.99844 	20.50748
16900.00000 	444.34183 	0.03592 	19.99844 	20.50748
17000.00000 	447.19188 	0.03898 	19.99844 	20.50748
17100.00000 	450.05654 	0.04228 	19.99844 	20.50748
17200.00000 	452.95298 	0.04586 	19.99844 	20.50748
17300.00000 	455.88140 	0.04974 	19.99844 	20.50748
17400.00000 	458.82265 	0.05392 	19.99844 	20.50748
17500.00000 	461.81502 	0.05846 	19.99844 	20.50748
17600.00000 	464.81943 	0.06335 	19.99844 	20.50748
17700.00000 	467.85526 	0.06864 	19.99844 	20.50748
17800.00000 	470.94399 	0.07438 	19.99844 	20.50748
17900.00000 	474.04321 	0.08056 	19.99844 	20.50748
18000.00000 	477.17377 	0.08724 	19.99844 	20.50748
18100.00000 	480.33556 	0.09446 	19.99844 	20.50748
18200.00000 	483.52841 	0.10226 	19.99844 	20.50748
18300.00000 	486.75211 	0.11068 	19.99844 	20.50748
18400.00000 	490.00638 	0.11977 	19.99844 	20.50748
18500.00000 	493.31687 	0.12960 	19.99844 	20.50748
18600.00000 	496.63194 	0.14019 	19.99844 	20.50748
18700.00000 	500.00385 	0.15164 	19.99844 	20.50748
18800.00000 	503.37793 	0.16397 	19.99844 	20.50748
18900.00000 	506.80925 	0.17729 	19.99844 	20.50748
19000.00000 	510.26973 	0.19166 	19.99844 	20.50748
19100.00000 	513.78930 	0.20719 	19.99844 	20.50748
19200.00000 	517.30665 	0.22388 	19.99844 	20.50748
19300.00000 	520.88312 	0.24192 	19.99844 	20.50748
19400.00000 	524.48707 	0.26135 	19.99844 	20.50748
19500.00000 	528.15174 	0.28235 	19.99844 	20.50748
19600.00000 	531.84356 	0.30496 	19.99844 	20.50748
19700.00000 	535.56127 	0.32930 	19.99844 	20.50748
19800.00000 	539.34090 	0.35559 	19.99844 	20.50748
19900.00000 	543.14566 	0.38389 	19.99844 	20.50748
20000.00000 	546.97392 	0.41433 	19.99844 	20.50748
