994.40000 	295.84454 	15.16845
0.00000 	295.84430 	15.16845 	-0.00000 	0.00000
100.00000 	296.81191 	14.73358 	-0.00000 	2.75228
200.00000 	296.94839 	13.94116 	-0.00000 	5.49941
300.00000 	297.35684 	13.23979 	0.53615 	9.47119
400.00000 	297.79897 	12.71819 	1.07133 	11.06540
500.00000 	298.24314 	12.33629 	1.60716 	12.25718
600.00000 	298.56671 	12.01990 	2.14179 	13.22381
700.00000 	298.89142 	11.89105 	2.67836 	14.05376
800.00000 	299.30889 	11.78816 	3.21428 	14.77917
900.00000 	299.86307 	11.65348 	3.75069 	15.42104
1000.00000 	300.22301 	11.48148 	4.28603 	15.99570
1100.00000 	300.54249 	11.20560 	4.82111 	16.51902
1200.00000 	300.82102 	10.84707 	5.35714 	16.99067
1300.00000 	301.12085 	10.59829 	5.89348 	17.42154
1400.00000 	301.44180 	10.30632 	6.43012 	17.81157
1500.00000 	301.73207 	9.99258 	6.96617 	18.16644
1600.00000 	301.91678 	9.70799 	7.50121 	18.49178
1700.00000 	302.18589 	9.36442 	8.03659 	18.78698
1800.00000 	302.54005 	8.98253 	8.57059 	19.05265
1900.00000 	303.02284 	8.63799 	9.10716 	19.29248
2000.00000 	303.51767 	8.28160 	9.64395 	19.51305
2100.00000 	304.01382 	7.92671 	10.17867 	19.70393
2200.00000 	304.26317 	7.85114 	10.71483 	19.87466
2300.00000 	304.44700 	7.77603 	11.25157 	20.02549
2400.00000 	304.57537 	7.69052 	11.78548 	20.15228
2500.00000 	304.64759 	7.45630 	12.32172 	20.25770
2600.00000 	304.71859 	7.17261 	12.85877 	20.34842
2700.00000 	304.79846 	6.88330 	13.39400 	20.41370
2800.00000 	305.07435 	6.50954 	13.93227 	20.46228
2900.00000 	305.62553 	6.03408 	14.46656 	20.49247
3000.00000 	306.09996 	5.73421 	14.99974 	20.50205
3100.00000 	306.55392 	5.50430 	15.49986 	20.50192
3200.00000 	307.00803 	5.28613 	15.99965 	20.50073
3300.00000 	307.40237 	5.16477 	16.50231 	20.50274
3400.00000 	307.79761 	5.04259 	17.00144 	20.50016
3500.00000 	308.21657 	4.92711 	17.49994 	20.50429
3600.00000 	308.63712 	4.81085 	17.99834 	20.50151
3700.00000 	309.08225 	4.69749 	18.49978 	20.50286
3800.00000 	309.42797 	4.54279 	19.00088 	20.50472
3900.00000 	309.78583 	4.37970 	19.50167 	20.50025
4000.00000 	310.14471 	4.22538 	20.00202 	20.50398
4100.00000 	310.51335 	4.07246 	20.50192 	20.50192
4200.00000 	310.89812 	3.92546 	21.00133 	20.50149
4300.00000 	311.31636 	3.77413 	21.50023 	20.50304
4400.00000 	311.84268 	3.57339 	22.00220 	20.50303
4500.00000 	312.39476 	3.38244 	22.49982 	20.50200
4600.00000 	312.94573 	3.19776 	23.00040 	20.49981
4700.00000 	313.52718 	3.04204 	23.50034 	20.50066
4800.00000 	314.11114 	2.95445 	24.00321 	20.50068
4900.00000 	314.70990 	2.86938 	24.50147 	20.50095
5000.00000 	315.30727 	2.78847 	25.00257 	20.50082
5100.00000 	315.98671 	2.68551 	25.49890 	20.50164
5200.00000 	316.71799 	2.57992 	26.00156 	20.49798
5300.00000 	317.43638 	2.47777 	26.49982 	20.50356
5400.00000 	318.09308 	2.41807 	27.00029 	20.50176
5500.00000 	318.74782 	2.36328 	27.50343 	20.50043
5600.00000 	319.40631 	2.31175 	28.00151 	20.50152
5700.00000 	320.04414 	2.26801 	28.50220 	20.50354
5800.00000 	320.68541 	2.22708 	29.00128 	20.50367
5900.00000 	321.35514 	2.18708 	29.50291 	20.50505
6000.00000 	321.90394 	2.11699 	30.00282 	20.50493
6100.00000 	322.42360 	2.03844 	30.37626 	20.50448
6200.00000 	322.95830 	1.96431 	30.75496 	20.50325
6300.00000 	323.50851 	1.89118 	31.13107 	20.50378
6400.00000 	324.06677 	1.82025 	31.50455 	20.50623
6500.00000 	324.64927 	1.75374 	31.87897 	20.50524
6600.00000 	324.87744 	1.68622 	32.25071 	20.50642
6700.00000 	325.11809 	1.62255 	32.62768 	20.50701
6800.00000 	325.37162 	1.56116 	33.00554 	20.50420
6900.00000 	325.61644 	1.50034 	33.38068 	20.50382
7000.00000 	325.90954 	1.44336 	33.75307 	20.50606
7100.00000 	326.20405 	1.38846 	34.12628 	20.50514
7200.00000 	326.49026 	1.33406 	34.50470 	20.50368
7300.00000 	326.81428 	1.28315 	34.88033 	20.50511
7400.00000 	327.15400 	1.23411 	35.25674 	20.50344
7500.00000 	327.50998 	1.18582 	35.63032 	20.50490
7600.00000 	327.82081 	1.13571 	36.00464 	20.50338
7700.00000 	328.00883 	1.06898 	36.37609 	20.50524
7800.00000 	328.17165 	1.00650 	36.75273 	20.50675
7900.00000 	328.34724 	0.94651 	37.13008 	20.50536
8000.00000 	328.53603 	0.88982 	37.50452 	20.50761
8100.00000 	328.73847 	0.83625 	37.87963 	20.50708
8200.00000 	328.98156 	0.78587 	38.25539 	20.50376
8300.00000 	329.21312 	0.73809 	38.62820 	20.50440
8400.00000 	329.45982 	0.69364 	39.00619 	20.50477
8500.00000 	329.72220 	0.65105 	39.37665 	20.50692
8600.00000 	330.02901 	0.61105 	39.75585 	20.50195
8700.00000 	330.32493 	0.57316 	40.12848 	20.50827
8800.00000 	330.63835 	0.53745 	40.50527 	20.50507
8900.00000 	330.83971 	0.50137 	40.87904 	20.50641
9000.00000 	330.86530 	0.46311 	41.25337 	20.50528
9100.00000 	330.88854 	0.42753 	41.62823 	20.50168
9200.00000 	330.92366 	0.39485 	42.00466 	20.50519
9300.00000 	331.00223 	0.36422 	42.37698 	20.50409
9400.00000 	331.06281 	0.33600 	42.75445 	20.50285
9500.00000 	331.13659 	0.30947 	43.12884 	20.50676
9600.00000 	331.23824 	0.28516 	43.50372 	20.50841
9700.00000 	331.33988 	0.26234 	43.87909 	20.50779
9800.00000 	331.48965 	0.24128 	44.25492 	20.50491
9900.00000 	331.62168 	0.22194 	44.62764 	20.50755
10000.00000 	331.76952 	0.20381 	45.00081 	20.50805
10100.00000 	331.94828 	0.18724 	45.00081 	20.50805
10200.00000 	332.12962 	0.17174 	45.00081 	20.50805
10300.00000 	332.36485 	0.15748 	45.00081 	20.50805
10400.00000 	332.58290 	0.14442 	45.00081 	20.50805
10500.00000 	332.82011 	0.13221 	45.00081 	20.50805
10600.00000 	333.07728 	0.12110 	45.00081 	20.50805
10700.00000 	333.37015 	0.11072 	45.00081 	20.50805
10800.00000 	333.70924 	0.10133 	45.00081 	20.50805
10900.00000 	333.99206 	0.09249 	45.00081 	20.50805
11000.00000 	333.95576 	0.08418 	45.00081 	20.50805
11100.00000 	333.98834 	0.07651 	45.00081 	20.50805
11200.00000 	334.01987 	0.06956 	45.00081 	20.50805
11300.00000 	334.08132 	0.06319 	45.00081 	20.50805
11400.00000 	334.14267 	0.05737 	45.00081 	20.50805
11500.00000 	334.23521 	0.05198 	45.00081 	20.50805
11600.00000 	334.34424 	0.04711 	45.00081 	20.50805
11700.00000 	334.45483 	0.04267 	45.00081 	20.50805
11800.00000 	334.59875 	0.03857 	45.00081 	20.50805
11900.00000 	334.74549 	0.03488 	45.00081 	20.50805
12000.00000 	334.92720 	0.03152 	45.00081 	20.50805
12100.00000 	335.11313 	0.02842 	45.00081 	20.50805
12200.00000 	335.33583 	0.02564 	45.00081 	20.50805
12300.00000 	335.51437 	0.02310 	45.00081 	20.50805
12400.00000 	335.78075 	0.02078 	45.00081 	20.50805
12500.00000 	336.05473 	0.01870 	45.00081 	20.50805
12600.00000 	336.36968 	0.01681 	45.00081 	20.50805
12700.00000 	336.69427 	0.01511 	45.00081 	20.50805
12800.00000 	337.15541 	0.01397 	45.00081 	20.50805
12900.00000 	337.80060 	0.01398 	45.00081 	20.50805
13000.00000 	338.52700 	0.01401 	45.00081 	20.50805
13100.00000 	339.22272 	0.01403 	45.00081 	20.50805
13200.00000 	340.12126 	0.01407 	45.00081 	20.50805
13300.00000 	342.05828 	0.01407 	45.00081 	20.50805
13400.00000 	344.62588 	0.01409 	45.00081 	20.50805
13500.00000 	347.87261 	0.01411 	45.00081 	20.50805
13600.00000 	351.22147 	0.01414 	45.00081 	20.50805
13700.00000 	354.14450 	0.01415 	45.00081 	20.50805
13800.00000 	357.42572 	0.01418 	45.00081 	20.50805
13900.00000 	361.19139 	0.01419 	45.00081 	20.50805
14000.00000 	365.13450 	0.01423 	45.00081 	20.50805
14100.00000 	367.38256 	0.01425 	43.75045 	20.50352
14200.00000 	369.61321 	0.01427 	42.50036 	20.50888
14300.00000 	371.94307 	0.01429 	41.25337 	20.50528
14400.00000 	373.50203 	0.01429 	40.00268 	20.50566
14500.00000 	375.09355 	0.01432 	38.74871 	20.50773
14600.00000 	376.70094 	0.01435 	37.50001 	20.50514
14700.00000 	378.36116 	0.01436 	36.24981 	20.50916
14800.00000 	380.05772 	0.01440 	34.99770 	20.50840
14900.00000 	381.70424 	0.01441 	33.75307 	20.50606
15000.00000 	383.47585 	0.01445 	32.50047 	20.50627
15100.00000 	385.17825 	0.01447 	31.24925 	20.51131
15200.00000 	386.77010 	0.01450 	29.99924 	20.51016
15300.00000 	388.30180 	0.01450 	28.75180 	20.50846
15400.00000 	389.88465 	0.01452 	27.49986 	20.50523
15500.00000 	391.48281 	0.01452 	26.24886 	20.50785
15600.00000 	393.21714 	0.01455 	24.99899 	20.50519
15700.00000 	394.88878 	0.01458 	23.74787 	20.50585
15800.00000 	396.61716 	0.01460 	22.50005 	20.50939
15900.00000 	398.36601 	0.01464 	21.24862 	20.50523
16000.00000 	400.21303 	0.01466 	19.99844 	20.50748
16100.00000 	402.20456 	0.01470 	19.99844 	20.50748
16200.00000 	404.19952 	0.01474 	19.99844 	20.50748
16300.00000 	406.22039 	0.01479 	19.99844 	20.50748
16400.00000 	408.26762 	0.01483 	19.99844 	20.50748
16500.00000 	410.31690 	0.01487 	19.99844 	20.50748
16600.00000 	412.39228 	0.01492 	19.99844 	20.50748
16700.00000 	414.48117 	0.01496 	19.99844 	20.50748
16800.00000 	416.59637 	0.01501 	19.99844 	20.50748
16900.00000 	418.72464 	0.01506 	19.99844 	20.50748
17000.00000 	420.87934 	0.01511 	19.99844 	20.50748
17100.00000 	423.04652 	0.01516 	19.99844 	20.50748
17200.00000 	425.24014 	0.01521 	19.99844 	20.50748
17300.00000 	427.44553 	0.01526 	19.99844 	20.50748
17400.00000 	429.67727 	0.01531 	19.99844 	20.50748
17500.00000 	431.91988 	0.01537 	19.99844 	20.50748
17600.00000 	434.18860 	0.01542 	19.99844 	20.50748
17700.00000 	436.48367 	0.01548 	19.99844 	20.50748
17800.00000 	438.78832 	0.01553 	19.99844 	20.50748
17900.00000 	441.11887 	0.01559 	19.99844 	20.50748
18000.00000 	443.47547 	0.01565 	19.99844 	20.50748
18100.00000 	445.85823 	0.01571 	19.99844 	20.50748
18200.00000 	448.24852 	0.01577 	19.99844 	20.50748
18300.00000 	450.66419 	0.01583 	19.99844 	20.50748
18400.00000 	453.10527 	0.01589 	19.99844 	20.50748
18500.00000 	455.57174 	0.01596 	19.99844 	20.50748
18600.00000 	458.06354 	0.01602 	19.99844 	20.50748
18700.00000 	460.58058 	0.01609 	19.99844 	20.50748
18800.00000 	463.12275 	0.01616 	19.99844 	20.50748
18900.00000 	465.66745 	0.01623 	19.99844 	20.50748
19000.00000 	468.25873 	0.01630 	19.99844 	20.50748
19100.00000 	470.87448 	0.01637 	19.99844 	20.50748
19200.00000 	473.51439 	0.01644 	19.99844 	20.50748
19300.00000 	476.17809 	0.01652 	19.99844 	20.50748
19400.00000 	478.86516 	0.01659 	19.99844 	20.50748
19500.00000 	481.57509 	0.01667 	19.99844 	20.50748
19600.00000 	484.30734 	0.01675 	19.99844 	20.50748
19700.00000 	487.08895 	0.01683 	19.99844 	20.50748
19800.00000 	489.89301 	0.01691 	19.99844 	20.50748
19900.00000 	492.71881 	0.01699 	19.99844 	20.50748
20000.00000 	495.56551 	0.01708 	19.99844 	20.50748
