993.30000 	305.69689 	20.16792
0.00000 	305.69660 	20.16792 	-0.00000 	0.00000
100.00000 	305.69698 	18.46430 	-0.00000 	2.75228
200.00000 	305.80590 	18.47633 	-0.00000 	5.49941
300.00000 	305.98511 	18.48855 	0.53615 	9.47119
400.00000 	306.15404 	18.38301 	1.07133 	11.06540
500.00000 	306.33287 	18.14949 	1.60716 	12.25718
600.00000 	306.66462 	18.03372 	2.14179 	13.22381
700.00000 	306.96624 	17.89542 	2.67836 	14.05376
800.00000 	307.23738 	17.75783 	3.21428 	14.77917
900.00000 	307.51891 	17.64372 	3.75069 	15.42104
1000.00000 	307.86211 	17.32907 	4.28603 	15.99570
1100.00000 	308.20622 	16.90680 	4.82111 	16.51902
1200.00000 	308.51911 	16.46277 	5.35714 	16.99067
1300.00000 	308.92635 	15.74595 	5.89348 	17.42154
1400.00000 	309.40741 	14.87095 	6.43012 	17.81157
1500.00000 	309.94213 	13.71678 	6.96617 	18.16644
1600.00000 	310.43598 	12.69361 	7.50121 	18.49178
1700.00000 	310.89904 	11.75436 	8.03659 	18.78698
1800.00000 	311.24593 	10.92884 	8.57059 	19.05265
1900.00000 	311.60325 	9.90744 	9.10716 	19.29248
2000.00000 	311.97155 	8.80648 	9.64395 	19.51305
2100.00000 	312.08230 	8.14572 	10.17867 	19.70393
2200.00000 	312.20186 	7.68435 	10.71483 	19.87466
2300.00000 	312.33020 	7.50134 	11.25157 	20.02549
2400.00000 	312.51163 	7.24535 	11.78548 	20.15228
2500.00000 	312.71206 	6.98081 	12.32172 	20.25770
2600.00000 	312.80275 	6.88099 	12.85877 	20.34842
2700.00000 	312.89091 	6.81137 	13.39400 	20.41370
2800.00000 	313.01078 	6.79649 	13.93227 	20.46228
2900.00000 	313.02752 	6.72723 	14.46656 	20.49247
3000.00000 	313.03140 	6.64016 	14.99974 	20.50205
3100.00000 	313.08729 	6.41793 	15.49986 	20.50192
3200.00000 	313.20862 	6.09553 	15.99965 	20.50073
3300.00000 	313.53747 	5.39248 	16.50231 	20.50274
3400.00000 	313.93407 	4.84546 	17.00144 	20.50016
3500.00000 	314.40827 	4.46409 	17.49994 	20.50429
3600.00000 	314.96072 	4.29354 	17.99834 	20.50151
3700.00000 	315.58336 	4.27869 	18.49978 	20.50286
3800.00000 	316.15790 	4.21813 	19.00088 	20.50472
3900.00000 	316.72333 	4.13985 	19.50167 	20.50025
4000.00000 	317.04769 	5.11351 	20.00202 	20.50398
4100.00000 	317.30060 	6.62009 	20.50192 	20.50192
4200.00000 	317.66560 	7.03806 	21.00133 	20.50149
4300.00000 	318.11253 	6.90232 	21.50023 	20.50304
4400.00000 	318.55749 	6.69455 	22.00220 	20.50303
4500.00000 	319.11678 	6.53967 	22.49982 	20.50200
4600.00000 	319.70953 	6.36867 	23.00040 	20.49981
4700.00000 	320.30064 	5.94012 	23.50034 	20.50066
4800.00000 	320.93416 	5.14970 	24.00321 	20.50068
4900.00000 	321.31608 	4.69956 	24.50147 	20.50095
5000.00000 	321.67491 	4.54194 	25.00257 	20.50082
5100.00000 	322.04131 	4.38856 	25.49890 	20.50164
5200.00000 	322.43750 	4.24094 	26.00156 	20.49798
5300.00000 	322.84718 	4.10127 	26.49982 	20.50356
5400.00000 	323.24108 	3.96221 	27.00029 	20.50176
5500.00000 	323.67871 	3.82843 	27.50343 	20.50043
5600.00000 	324.11299 	3.69830 	28.00151 	20.50152
5700.00000 	324.59189 	3.60988 	28.50220 	20.50354
5800.00000 	325.09078 	3.53132 	29.00128 	20.50367
5900.00000 	325.59174 	3.45738 	29.50291 	20.50505
6000.00000 	326.10045 	3.38179 	30.00282 	20.50493
6100.00000 	326.64336 	3.31135 	30.37626 	20.50448
6200.00000 	327.20200 	3.23999 	30.75496 	20.50325
6300.00000 	327.69165 	3.14552 	31.13107 	20.50378
6400.00000 	328.18816 	3.04086 	31.50455 	20.50623
6500.00000 	328.66617 	2.93892 	31.87897 	20.50524
6600.00000 	329.19222 	2.84091 	32.25071 	20.50642
6700.00000 	329.72131 	2.74609 	32.62768 	20.50701
6800.00000 	330.26647 	2.65436 	33.00554 	20.50420
6900.00000 	330.71150 	2.55118 	33.38068 	20.50382
7000.00000 	331.12352 	2.44717 	33.75307 	20.50606
7100.00000 	331.53712 	2.34520 	34.12628 	20.50514
7200.00000 	331.94260 	2.24668 	34.50470 	20.50368
7300.00000 	332.38588 	2.15257 	34.88033 	20.50511
7400.00000 	332.85786 	2.06218 	35.25674 	20.50344
7500.00000 	333.33320 	1.97706 	35.63032 	20.50490
7600.00000 	333.77676 	1.89106 	36.00464 	20.50338
7700.00000 	334.14918 	1.80718 	36.37609 	20.50524
7800.00000 	334.56073 	1.72574 	36.75273 	20.50675
7900.00000 	334.98761 	1.64916 	37.13008 	20.50536
8000.00000 	335.41786 	1.57534 	37.50452 	20.50761
8100.00000 	335.87662 	1.50372 	37.87963 	20.50708
8200.00000 	336.35230 	1.43642 	38.25539 	20.50376
8300.00000 	336.76478 	1.36513 	38.62820 	20.50440
8400.00000 	337.01723 	1.28451 	39.00619 	20.50477
8500.00000 	337.32452 	1.20969 	39.37665 	20.50692
8600.00000 	337.61870 	1.13754 	39.75585 	20.50195
8700.00000 	337.91393 	1.07031 	40.12848 	20.50827
8800.00000 	338.26683 	1.00613 	40.50527 	20.50507
8900.00000 	338.60692 	0.94520 	40.87904 	20.50641
9000.00000 	338.94947 	0.88851 	41.25337 	20.50528
9100.00000 	339.35285 	0.83444 	41.62823 	20.50168
9200.00000 	339.72995 	0.78390 	42.00466 	20.50519
9300.00000 	339.91637 	0.72900 	42.37698 	20.50409
9400.00000 	340.04325 	0.67611 	42.75445 	20.50285
9500.00000 	340.19756 	0.62673 	43.12884 	20.50676
9600.00000 	340.31919 	0.58048 	43.50372 	20.50841
9700.00000 	340.50135 	0.53700 	43.87909 	20.50779
9800.00000 	340.68420 	0.49701 	44.25492 	20.50491
9900.00000 	340.89668 	0.45976 	44.62764 	20.50755
10000.00000 	341.11082 	0.42507 	45.00081 	20.50805
10100.00000 	341.32085 	0.39265 	45.00081 	20.50805
10200.00000 	341.56807 	0.36264 	45.00081 	20.50805
10300.00000 	341.83300 	0.33474 	45.00081 	20.50805
10400.00000 	342.13091 	0.30850 	45.00081 	20.50805
10500.00000 	342.43340 	0.28446 	45.00081 	20.50805
10600.00000 	342.73256 	0.26205 	45.00081 	20.50805
10700.00000 	342.98898 	0.24468 	45.00081 	20.50805
10800.00000 	343.17571 	0.23055 	45.00081 	20.50805
10900.00000 	343.40234 	0.21704 	45.00081 	20.50805
11000.00000 	343.62046 	0.20441 	45.00081 	20.50805
11100.00000 	343.85487 	0.19246 	45.00081 	20.50805
11200.00000 	344.13257 	0.18104 	45.00081 	20.50805
11300.00000 	344.40196 	0.17038 	45.00081 	20.50805
11400.00000 	344.71718 	0.16037 	45.00081 	20.50805
11500.00000 	345.02429 	0.15068 	45.00081 	20.50805
11600.00000 	345.35105 	0.14170 	45.00081 	20.50805
11700.00000 	345.72785 	0.13328 	45.00081 	20.50805
11800.00000 	346.08214 	0.12311 	45.00081 	20.50805
11900.00000 	346.47304 	0.10833 	45.00081 	20.50805
12000.00000 	346.82047 	0.09515 	45.00081 	20.50805
12100.00000 	347.25019 	0.08339 	45.00081 	20.50805
12200.00000 	347.68509 	0.07307 	45.00081 	20.50805
12300.00000 	348.15746 	0.06392 	45.00081 	20.50805
12400.00000 	348.58593 	0.05574 	45.00081 	20.50805
12500.00000 	349.10349 	0.04886 	45.00081 	20.50805
12600.00000 	349.55250 	0.04399 	45.00081 	20.50805
12700.00000 	350.02200 	0.03952 	45.00081 	20.50805
12800.00000 	350.51278 	0.03547 	45.00081 	20.50805
12900.00000 	351.06450 	0.03183 	45.00081 	20.50805
13000.00000 	351.60124 	0.02855 	45.00081 	20.50805
13100.00000 	352.14547 	0.02562 	45.00081 	20.50805
13200.00000 	352.58165 	0.02313 	45.00081 	20.50805
13300.00000 	353.03926 	0.02086 	45.00081 	20.50805
13400.00000 	353.51913 	0.01880 	45.00081 	20.50805
13500.00000 	354.00543 	0.01691 	45.00081 	20.50805
13600.00000 	354.53246 	0.01521 	45.00081 	20.50805
13700.00000 	355.10145 	0.01407 	45.00081 	20.50805
13800.00000 	355.51996 	0.01408 	45.00081 	20.50805
13900.00000 	356.02467 	0.01411 	45.00081 	20.50805
14000.00000 	356.55303 	0.01412 	45.00081 	20.50805
14100.00000 	357.10602 	0.01414 	43.75045 	20.50352
14200.00000 	357.68465 	0.01417 	42.50036 	20.50888
14300.00000 	358.21941 	0.01418 	41.25337 	20.50528
14400.00000 	358.85122 	0.01421 	40.00268 	20.50566
14500.00000 	359.45315 	0.01425 	38.74871 	20.50773
14600.00000 	360.07646 	0.01426 	37.50001 	20.50514
14700.00000 	360.78240 	0.01428 	36.24981 	20.50916
14800.00000 	361.43909 	0.01431 	34.99770 	20.50840
14900.00000 	362.12209 	0.01433 	33.75307 	20.50606
15000.00000 	362.93070 	0.01437 	32.50047 	20.50627
15100.00000 	363.67125 	0.01439 	31.24925 	20.51131
15200.00000 	364.44160 	0.01444 	29.99924 	20.51016
15300.00000 	365.82605 	0.01448 	28.75180 	20.50846
15400.00000 	368.00829 	0.01449 	27.49986 	20.50523
15500.00000 	370.25052 	0.01451 	26.24886 	20.50785
15600.00000 	372.62852 	0.01452 	24.99899 	20.50519
15700.00000 	375.34892 	0.01455 	23.74787 	20.50585
15800.00000 	378.11638 	0.01457 	22.50005 	20.50939
15900.00000 	380.91392 	0.01459 	21.24862 	20.50523
16000.00000 	383.78083 	0.01462 	19.99844 	20.50748
16100.00000 	386.76241 	0.01466 	19.99844 	20.50748
16200.00000 	389.77022 	0.01470 	19.99844 	20.50748
16300.00000 	392.81503 	0.01474 	19.99844 	20.50748
16400.00000 	395.87521 	0.01478 	19.99844 	20.50748
16500.00000 	398.97265 	0.01482 	19.99844 	20.50748
16600.00000 	402.09625 	0.01487 	19.99844 	20.50748
16700.00000 	405.24577 	0.01491 	19.99844 	20.50748
16800.00000 	408.43333 	0.01496 	19.99844 	20.50748
16900.00000 	411.64685 	0.01500 	19.99844 	20.50748
17000.00000 	414.88595 	0.01505 	19.99844 	20.50748
17100.00000 	418.16367 	0.01509 	19.99844 	20.50748
17200.00000 	421.46682 	0.01514 	19.99844 	20.50748
17300.00000 	424.80907 	0.01519 	19.99844 	20.50748
17400.00000 	428.17645 	0.01524 	19.99844 	20.50748
17500.00000 	431.58330 	0.01529 	19.99844 	20.50748
17600.00000 	435.01481 	0.01535 	19.99844 	20.50748
17700.00000 	438.48606 	0.01540 	19.99844 	20.50748
17800.00000 	441.98130 	0.01545 	19.99844 	20.50748
17900.00000 	445.51639 	0.01551 	19.99844 	20.50748
18000.00000 	449.09176 	0.01556 	19.99844 	20.50748
18100.00000 	452.70786 	0.01562 	19.99844 	20.50748
18200.00000 	456.34697 	0.01568 	19.99844 	20.50748
18300.00000 	460.02661 	0.01574 	19.99844 	20.50748
18400.00000 	463.74712 	0.01580 	19.99844 	20.50748
18500.00000 	467.48911 	0.01586 	19.99844 	20.50748
18600.00000 	471.29174 	0.01592 	19.99844 	20.50748
18700.00000 	475.11525 	0.01599 	19.99844 	20.50748
18800.00000 	478.97953 	0.01605 	19.99844 	20.50748
18900.00000 	482.90678 	0.01612 	19.99844 	20.50748
19000.00000 	486.85363 	0.01619 	19.99844 	20.50748
19100.00000 	490.84158 	0.01626 	19.99844 	20.50748
19200.00000 	494.87065 	0.01633 	19.99844 	20.50748
19300.00000 	498.94079 	0.01640 	19.99844 	20.50748
19400.00000 	503.05193 	0.01647 	19.99844 	20.50748
19500.00000 	507.20389 	0.01654 	19.99844 	20.50748
19600.00000 	511.39648 	0.01662 	19.99844 	20.50748
19700.00000 	515.65712 	0.01670 	19.99844 	20.50748
19800.00000 	519.93080 	0.01677 	19.99844 	20.50748
19900.00000 	524.27341 	0.01685 	19.99844 	20.50748
20000.00000 	528.65677 	0.01693 	19.99844 	20.50748
