989.10000 	304.65297 	16.38284
0.00000 	304.65249 	16.38284 	-0.00000 	0.00000
100.00000 	304.65251 	15.77863 	-0.00000 	2.75228
200.00000 	304.98333 	15.47338 	-0.00000 	5.49941
300.00000 	305.44676 	15.05523 	0.53615 	9.47119
400.00000 	305.82047 	14.67530 	1.07133 	11.06540
500.00000 	306.03302 	14.32990 	1.60716 	12.25718
600.00000 	306.26429 	14.00352 	2.14179 	13.22381
700.00000 	306.26116 	13.77050 	2.67836 	14.05376
800.00000 	306.27564 	13.54360 	3.21428 	14.77917
900.00000 	306.28872 	13.36374 	3.75069 	15.42104
1000.00000 	306.29041 	13.20167 	4.28603 	15.99570
1100.00000 	306.31032 	13.06142 	4.82111 	16.51902
1200.00000 	306.30851 	12.99675 	5.35714 	16.99067
1300.00000 	306.32519 	12.94393 	5.89348 	17.42154
1400.00000 	306.38232 	12.82964 	6.43012 	17.81157
1500.00000 	306.49044 	12.70058 	6.96617 	18.16644
1600.00000 	306.60789 	12.53039 	7.50121 	18.49178
1700.00000 	306.73451 	12.00808 	8.03659 	18.78698
1800.00000 	306.88142 	11.50744 	8.57059 	19.05265
1900.00000 	307.18701 	10.96359 	9.10716 	19.29248
2000.00000 	307.67435 	10.37086 	9.64395 	19.51305
2100.00000 	308.17382 	9.80743 	10.17867 	19.70393
2200.00000 	308.59808 	9.09764 	10.71483 	19.87466
2300.00000 	309.02327 	8.38745 	11.25157 	20.02549
2400.00000 	309.44963 	7.73303 	11.78548 	20.15228
2500.00000 	309.95049 	7.22919 	12.32172 	20.25770
2600.00000 	310.48677 	6.76094 	12.85877 	20.34842
2700.00000 	310.95675 	6.27758 	13.39400 	20.41370
2800.00000 	311.22862 	5.65746 	13.93227 	20.46228
2900.00000 	311.50055 	5.09290 	14.46656 	20.49247
3000.00000 	311.77107 	4.57876 	14.99974 	20.50205
3100.00000 	312.00484 	4.10429 	15.49986 	20.50192
3200.00000 	312.27375 	3.67775 	15.99965 	20.50073
3300.00000 	312.52982 	3.28078 	16.50231 	20.50274
3400.00000 	312.78179 	2.91042 	17.00144 	20.50016
3500.00000 	313.03376 	2.57598 	17.49994 	20.50429
3600.00000 	313.31990 	2.27281 	17.99834 	20.50151
3700.00000 	313.70370 	1.98364 	18.49978 	20.50286
3800.00000 	314.07441 	1.72768 	19.00088 	20.50472
3900.00000 	314.48334 	1.50204 	19.50167 	20.50025
4000.00000 	315.08298 	1.28856 	20.00202 	20.50398
4100.00000 	315.68216 	1.10164 	20.50192 	20.50192
4200.00000 	316.30724 	0.93950 	21.00133 	20.50149
4300.00000 	317.02477 	0.82060 	21.50023 	20.50304
4400.00000 	317.77346 	0.72164 	22.00220 	20.50303
4500.00000 	318.52587 	0.63299 	22.49982 	20.50200
4600.00000 	319.30579 	0.56509 	23.00040 	20.49981
4700.00000 	320.05352 	0.52166 	23.50034 	20.50066
4800.00000 	320.83301 	0.48135 	24.00321 	20.50068
4900.00000 	321.62881 	0.44347 	24.50147 	20.50095
5000.00000 	322.21220 	0.41750 	25.00257 	20.50082
5100.00000 	322.77424 	0.39480 	25.49890 	20.50164
5200.00000 	323.35093 	0.37360 	26.00156 	20.49798
5300.00000 	323.91305 	0.35338 	26.49982 	20.50356
5400.00000 	324.36357 	0.33803 	27.00029 	20.50176
5500.00000 	324.81004 	0.32292 	27.50343 	20.50043
5600.00000 	325.27052 	0.30845 	28.00151 	20.50152
5700.00000 	325.75767 	0.29634 	28.50220 	20.50354
5800.00000 	326.23970 	0.28847 	29.00128 	20.50367
5900.00000 	326.76735 	0.28087 	29.50291 	20.50505
6000.00000 	327.29785 	0.27348 	30.00282 	20.50493
6100.00000 	327.79196 	0.26779 	30.37626 	20.50448
6200.00000 	328.24352 	0.26560 	30.75496 	20.50325
6300.00000 	328.72197 	0.26373 	31.13107 	20.50378
6400.00000 	329.20286 	0.26164 	31.50455 	20.50623
6500.00000 	329.67814 	0.25955 	31.87897 	20.50524
6600.00000 	330.09692 	0.25771 	32.25071 	20.50642
6700.00000 	330.52149 	0.25560 	32.62768 	20.50701
6800.00000 	330.94800 	0.25380 	33.00554 	20.50420
6900.00000 	331.38954 	0.25179 	33.38068 	20.50382
7000.00000 	331.82406 	0.25028 	33.75307 	20.50606
7100.00000 	332.24107 	0.24895 	34.12628 	20.50514
7200.00000 	332.68298 	0.24798 	34.50470 	20.50368
7300.00000 	333.11703 	0.24673 	34.88033 	20.50511
7400.00000 	333.57746 	0.24533 	35.25674 	20.50344
7500.00000 	333.87925 	0.24324 	35.63032 	20.50490
7600.00000 	334.21931 	0.24101 	36.00464 	20.50338
7700.00000 	334.57424 	0.23908 	36.37609 	20.50524
7800.00000 	334.94453 	0.23720 	36.75273 	20.50675
7900.00000 	335.30504 	0.23458 	37.13008 	20.50536
8000.00000 	335.60250 	0.23095 	37.50452 	20.50761
8100.00000 	335.90105 	0.22739 	37.87963 	20.50708
8200.00000 	336.22783 	0.22391 	38.25539 	20.50376
8300.00000 	336.59724 	0.22057 	38.62820 	20.50440
8400.00000 	336.91471 	0.21673 	39.00619 	20.50477
8500.00000 	337.15192 	0.21159 	39.37665 	20.50692
8600.00000 	337.38910 	0.20652 	39.75585 	20.50195
8700.00000 	337.64083 	0.20159 	40.12848 	20.50827
8800.00000 	337.92311 	0.19685 	40.50527 	20.50507
8900.00000 	338.20584 	0.19238 	40.87904 	20.50641
9000.00000 	338.43305 	0.18638 	41.25337 	20.50528
9100.00000 	338.62849 	0.18046 	41.62823 	20.50168
9200.00000 	338.85530 	0.17460 	42.00466 	20.50519
9300.00000 	339.11172 	0.16911 	42.37698 	20.50409
9400.00000 	339.37038 	0.16362 	42.75445 	20.50285
9500.00000 	339.65993 	0.15831 	43.12884 	20.50676
9600.00000 	339.86817 	0.15219 	43.50372 	20.50841
9700.00000 	340.10575 	0.14647 	43.87909 	20.50779
9800.00000 	340.35911 	0.14080 	44.25492 	20.50491
9900.00000 	340.66323 	0.13554 	44.62764 	20.50755
10000.00000 	340.95038 	0.13029 	45.00081 	20.50805
10100.00000 	341.25510 	0.12523 	45.00081 	20.50805
10200.00000 	341.57150 	0.11971 	45.00081 	20.50805
10300.00000 	341.90426 	0.11441 	45.00081 	20.50805
10400.00000 	342.25395 	0.10934 	45.00081 	20.50805
10500.00000 	342.62119 	0.10437 	45.00081 	20.50805
10600.00000 	343.04499 	0.09977 	45.00081 	20.50805
10700.00000 	343.44988 	0.09533 	45.00081 	20.50805
10800.00000 	343.78018 	0.09079 	45.00081 	20.50805
10900.00000 	344.12809 	0.08647 	45.00081 	20.50805
11000.00000 	344.49426 	0.08224 	45.00081 	20.50805
11100.00000 	344.83782 	0.07827 	45.00081 	20.50805
11200.00000 	345.24189 	0.07443 	45.00081 	20.50805
11300.00000 	345.62342 	0.07082 	45.00081 	20.50805
11400.00000 	346.08359 	0.06733 	45.00081 	20.50805
11500.00000 	346.46344 	0.06362 	45.00081 	20.50805
11600.00000 	346.90828 	0.05988 	45.00081 	20.50805
11700.00000 	347.31168 	0.05633 	45.00081 	20.50805
11800.00000 	347.74956 	0.05297 	45.00081 	20.50805
11900.00000 	348.25455 	0.04982 	45.00081 	20.50805
12000.00000 	348.71785 	0.04683 	45.00081 	20.50805
12100.00000 	349.21810 	0.04396 	45.00081 	20.50805
12200.00000 	349.79034 	0.04132 	45.00081 	20.50805
12300.00000 	350.26707 	0.03868 	45.00081 	20.50805
12400.00000 	350.69704 	0.03618 	45.00081 	20.50805
12500.00000 	351.16269 	0.03378 	45.00081 	20.50805
12600.00000 	351.70209 	0.03160 	45.00081 	20.50805
12700.00000 	352.21046 	0.02949 	45.00081 	20.50805
12800.00000 	352.79609 	0.02753 	45.00081 	20.50805
12900.00000 	353.35060 	0.02571 	45.00081 	20.50805
13000.00000 	353.98621 	0.02399 	45.00081 	20.50805
13100.00000 	354.66427 	0.02283 	45.00081 	20.50805
13200.00000 	355.51374 	0.02257 	45.00081 	20.50805
13300.00000 	356.38735 	0.02229 	45.00081 	20.50805
13400.00000 	357.28599 	0.02205 	45.00081 	20.50805
13500.00000 	358.21060 	0.02181 	45.00081 	20.50805
13600.00000 	359.16217 	0.02155 	45.00081 	20.50805
13700.00000 	360.14174 	0.02133 	45.00081 	20.50805
13800.00000 	361.15041 	0.02109 	45.00081 	20.50805
13900.00000 	362.18934 	0.02088 	45.00081 	20.50805
14000.00000 	363.25975 	0.02068 	45.00081 	20.50805
14100.00000 	364.29033 	0.02109 	43.75045 	20.50352
14200.00000 	365.38267 	0.02176 	42.50036 	20.50888
14300.00000 	366.43066 	0.02245 	41.25337 	20.50528
14400.00000 	367.50540 	0.02317 	40.00268 	20.50566
14500.00000 	368.62544 	0.02392 	38.74871 	20.50773
14600.00000 	369.83376 	0.02468 	37.50001 	20.50514
14700.00000 	370.99647 	0.02548 	36.24981 	20.50916
14800.00000 	372.19026 	0.02632 	34.99770 	20.50840
14900.00000 	373.49809 	0.02722 	33.75307 	20.50606
15000.00000 	374.77745 	0.02813 	32.50047 	20.50627
15100.00000 	376.07393 	0.02908 	31.24925 	20.51131
15200.00000 	377.52344 	0.02994 	29.99924 	20.51016
15300.00000 	379.19131 	0.03065 	28.75180 	20.50846
15400.00000 	380.80244 	0.03139 	27.49986 	20.50523
15500.00000 	382.53702 	0.03219 	26.24886 	20.50785
15600.00000 	384.21362 	0.03299 	24.99899 	20.50519
15700.00000 	385.92380 	0.03382 	23.74787 	20.50585
15800.00000 	387.76677 	0.03471 	22.50005 	20.50939
15900.00000 	389.56860 	0.03560 	21.24862 	20.50523
16000.00000 	391.38929 	0.03652 	19.99844 	20.50748
16100.00000 	393.42660 	0.03753 	19.99844 	20.50748
16200.00000 	395.48038 	0.03857 	19.99844 	20.50748
16300.00000 	397.55040 	0.03965 	19.99844 	20.50748
16400.00000 	399.63640 	0.04075 	19.99844 	20.50748
16500.00000 	401.73809 	0.04189 	19.99844 	20.50748
16600.00000 	403.86689 	0.04307 	19.99844 	20.50748
16700.00000 	406.01125 	0.04428 	19.99844 	20.50748
16800.00000 	408.17076 	0.04552 	19.99844 	20.50748
16900.00000 	410.35765 	0.04681 	19.99844 	20.50748
17000.00000 	412.55939 	0.04813 	19.99844 	20.50748
17100.00000 	414.77548 	0.04949 	19.99844 	20.50748
17200.00000 	417.01897 	0.05090 	19.99844 	20.50748
17300.00000 	419.29025 	0.05235 	19.99844 	20.50748
17400.00000 	421.56115 	0.05384 	19.99844 	20.50748
17500.00000 	423.87383 	0.05538 	19.99844 	20.50748
17600.00000 	426.19972 	0.05697 	19.99844 	20.50748
17700.00000 	428.53804 	0.05861 	19.99844 	20.50748
17800.00000 	430.90370 	0.06029 	19.99844 	20.50748
17900.00000 	433.29697 	0.06203 	19.99844 	20.50748
18000.00000 	435.70154 	0.06382 	19.99844 	20.50748
18100.00000 	438.15036 	0.06568 	19.99844 	20.50748
18200.00000 	440.59267 	0.06758 	19.99844 	20.50748
18300.00000 	443.07960 	0.06956 	19.99844 	20.50748
18400.00000 	445.57600 	0.07158 	19.99844 	20.50748
18500.00000 	448.09938 	0.07368 	19.99844 	20.50748
18600.00000 	450.64980 	0.07584 	19.99844 	20.50748
18700.00000 	453.22731 	0.07807 	19.99844 	20.50748
18800.00000 	455.83192 	0.08038 	19.99844 	20.50748
18900.00000 	458.46360 	0.08276 	19.99844 	20.50748
19000.00000 	461.10092 	0.08520 	19.99844 	20.50748
19100.00000 	463.78598 	0.08774 	19.99844 	20.50748
19200.00000 	466.47529 	0.09034 	19.99844 	20.50748
19300.00000 	469.21311 	0.09305 	19.99844 	20.50748
19400.00000 	471.95354 	0.09582 	19.99844 	20.50748
19500.00000 	474.74312 	0.09870 	19.99844 	20.50748
19600.00000 	477.55841 	0.10168 	19.99844 	20.50748
19700.00000 	480.39900 	0.10475 	19.99844 	20.50748
19800.00000 	483.26443 	0.10791 	19.99844 	20.50748
19900.00000 	486.15416 	0.11118 	19.99844 	20.50748
20000.00000 	489.06758 	0.11455 	19.99844 	20.50748
