922.80000 	309.37428 	17.59319
0.00000 	309.37074 	17.59319 	-0.00000 	0.00000
100.00000 	309.37903 	17.32196 	-0.00000 	2.75228
200.00000 	309.70489 	17.33192 	-0.00000 	5.49941
300.00000 	310.13435 	16.22113 	0.53615 	9.47119
400.00000 	310.60614 	14.88815 	1.07133 	11.06540
500.00000 	310.97478 	13.94695 	1.60716 	12.25718
600.00000 	311.04148 	13.74092 	2.14179 	13.22381
700.00000 	311.11684 	13.53880 	2.67836 	14.05376
800.00000 	311.30602 	13.31072 	3.21428 	14.77917
900.00000 	311.54684 	13.08718 	3.75069 	15.42104
1000.00000 	311.80829 	12.86812 	4.28603 	15.99570
1100.00000 	312.15369 	12.60795 	4.82111 	16.51902
1200.00000 	312.49880 	12.36025 	5.35714 	16.99067
1300.00000 	312.84406 	11.91517 	5.89348 	17.42154
1400.00000 	313.15688 	11.25219 	6.43012 	17.81157
1500.00000 	313.46905 	10.62881 	6.96617 	18.16644
1600.00000 	313.82356 	9.83728 	7.50121 	18.49178
1700.00000 	314.19909 	9.02883 	8.03659 	18.78698
1800.00000 	314.58597 	8.28071 	8.57059 	19.05265
1900.00000 	314.80905 	7.69046 	9.10716 	19.29248
2000.00000 	315.01816 	6.81772 	9.64395 	19.51305
2100.00000 	315.26095 	5.93610 	10.17867 	19.70393
2200.00000 	315.59954 	5.49655 	10.71483 	19.87466
2300.00000 	315.94955 	5.32779 	11.25157 	20.02549
2400.00000 	316.28730 	5.15950 	11.78548 	20.15228
2500.00000 	316.55498 	4.97640 	12.32172 	20.25770
2600.00000 	316.84686 	4.80013 	12.85877 	20.34842
2700.00000 	317.12574 	4.62908 	13.39400 	20.41370
2800.00000 	317.13068 	4.38930 	13.93227 	20.46228
2900.00000 	317.14501 	4.16401 	14.46656 	20.49247
3000.00000 	317.16903 	3.94630 	14.99974 	20.50205
3100.00000 	317.17484 	3.74069 	15.49986 	20.50192
3200.00000 	317.20164 	3.51496 	15.99965 	20.50073
3300.00000 	317.27272 	3.25324 	16.50231 	20.50274
3400.00000 	317.41681 	2.98940 	17.00144 	20.50016
3500.00000 	317.61772 	2.78652 	17.49994 	20.50429
3600.00000 	317.81856 	2.65043 	17.99834 	20.50151
3700.00000 	318.01227 	2.49952 	18.49978 	20.50286
3800.00000 	318.21359 	2.32587 	19.00088 	20.50472
3900.00000 	318.44195 	2.16531 	19.50167 	20.50025
4000.00000 	318.66667 	2.01447 	20.00202 	20.50398
4100.00000 	318.88321 	1.86327 	20.50192 	20.50192
4200.00000 	319.09972 	1.72381 	21.00133 	20.50149
4300.00000 	319.34013 	1.59384 	21.50023 	20.50304
4400.00000 	319.58342 	1.44872 	22.00220 	20.50303
4500.00000 	319.85082 	1.29435 	22.49982 	20.50200
4600.00000 	320.11373 	1.15473 	23.00040 	20.49981
4700.00000 	320.40664 	1.02901 	23.50034 	20.50066
4800.00000 	320.72040 	0.88245 	24.00321 	20.50068
4900.00000 	321.04705 	0.74885 	24.50147 	20.50095
5000.00000 	321.38700 	0.63437 	25.00257 	20.50082
5100.00000 	321.74068 	0.53694 	25.49890 	20.50164
5200.00000 	321.96692 	0.47855 	26.00156 	20.49798
5300.00000 	322.22446 	0.42605 	26.49982 	20.50356
5400.00000 	322.47618 	0.37874 	27.00029 	20.50176
5500.00000 	322.74114 	0.33722 	27.50343 	20.50043
5600.00000 	322.99278 	0.30511 	28.00151 	20.50152
5700.00000 	323.24506 	0.27608 	28.50220 	20.50354
5800.00000 	323.52329 	0.24958 	29.00128 	20.50367
5900.00000 	323.80296 	0.22541 	29.50291 	20.50505
6000.00000 	324.03444 	0.20076 	30.00282 	20.50493
6100.00000 	324.28744 	0.17881 	30.37626 	20.50448
6200.00000 	324.53300 	0.15902 	30.75496 	20.50325
6300.00000 	324.81416 	0.14113 	31.13107 	20.50378
6400.00000 	325.10809 	0.13330 	31.50455 	20.50623
6500.00000 	325.45461 	0.12902 	31.87897 	20.50524
6600.00000 	325.79321 	0.12485 	32.25071 	20.50642
6700.00000 	326.16949 	0.12084 	32.62768 	20.50701
6800.00000 	326.52517 	0.11757 	33.00554 	20.50420
6900.00000 	326.82281 	0.11660 	33.38068 	20.50382
7000.00000 	327.13490 	0.11565 	33.75307 	20.50606
7100.00000 	327.47508 	0.11460 	34.12628 	20.50514
7200.00000 	327.81761 	0.11370 	34.50470 	20.50368
7300.00000 	328.11117 	0.11491 	34.88033 	20.50511
7400.00000 	328.31586 	0.11826 	35.25674 	20.50344
7500.00000 	328.53460 	0.12174 	35.63032 	20.50490
7600.00000 	328.79417 	0.12538 	36.00464 	20.50338
7700.00000 	329.04291 	0.12925 	36.37609 	20.50524
7800.00000 	329.25312 	0.13093 	36.75273 	20.50675
7900.00000 	329.42350 	0.13086 	37.13008 	20.50536
8000.00000 	329.63579 	0.13086 	37.50452 	20.50761
8100.00000 	329.84975 	0.13087 	37.87963 	20.50708
8200.00000 	330.09326 	0.13092 	38.25539 	20.50376
8300.00000 	330.32410 	0.13037 	38.62820 	20.50440
8400.00000 	330.52393 	0.12846 	39.00619 	20.50477
8500.00000 	330.76823 	0.12663 	39.37665 	20.50692
8600.00000 	331.02840 	0.12498 	39.75585 	20.50195
8700.00000 	331.30501 	0.12324 	40.12848 	20.50827
8800.00000 	331.59867 	0.12154 	40.50527 	20.50507
8900.00000 	331.86027 	0.11887 	40.87904 	20.50641
9000.00000 	332.10589 	0.11597 	41.25337 	20.50528
9100.00000 	332.40047 	0.11320 	41.62823 	20.50168
9200.00000 	332.69359 	0.11046 	42.00466 	20.50519
9300.00000 	332.98970 	0.10780 	42.37698 	20.50409
9400.00000 	333.31816 	0.10521 	42.75445 	20.50285
9500.00000 	333.69674 	0.10158 	43.12884 	20.50676
9600.00000 	334.10140 	0.09782 	43.50372 	20.50841
9700.00000 	334.50933 	0.09430 	43.87909 	20.50779
9800.00000 	334.98717 	0.09085 	44.25492 	20.50491
9900.00000 	335.44805 	0.08758 	44.62764 	20.50755
10000.00000 	335.91408 	0.08434 	45.00081 	20.50805
10100.00000 	336.42157 	0.08147 	45.00081 	20.50805
10200.00000 	336.93078 	0.07882 	45.00081 	20.50805
10300.00000 	337.45922 	0.07635 	45.00081 	20.50805
10400.00000 	338.04825 	0.07390 	45.00081 	20.50805
10500.00000 	338.61799 	0.07150 	45.00081 	20.50805
10600.00000 	339.20922 	0.06927 	45.00081 	20.50805
10700.00000 	339.82274 	0.06703 	45.00081 	20.50805
10800.00000 	340.46435 	0.06435 	45.00081 	20.50805
10900.00000 	341.14510 	0.06124 	45.00081 	20.50805
11000.00000 	341.84744 	0.05833 	45.00081 	20.50805
11100.00000 	342.57217 	0.05549 	45.00081 	20.50805
11200.00000 	343.32013 	0.05285 	45.00081 	20.50805
11300.00000 	344.09220 	0.05027 	45.00081 	20.50805
11400.00000 	344.88931 	0.04787 	45.00081 	20.50805
11500.00000 	345.71243 	0.04553 	45.00081 	20.50805
11600.00000 	346.95257 	0.04482 	45.00081 	20.50805
11700.00000 	348.20072 	0.04421 	45.00081 	20.50805
11800.00000 	349.47545 	0.04361 	45.00081 	20.50805
11900.00000 	350.83091 	0.04305 	45.00081 	20.50805
12000.00000 	352.17892 	0.04249 	45.00081 	20.50805
12100.00000 	353.54042 	0.04194 	45.00081 	20.50805
12200.00000 	354.98907 	0.04138 	45.00081 	20.50805
12300.00000 	356.41427 	0.04086 	45.00081 	20.50805
12400.00000 	357.78082 	0.04059 	45.00081 	20.50805
12500.00000 	358.94963 	0.04056 	45.00081 	20.50805
12600.00000 	360.22144 	0.04051 	45.00081 	20.50805
12700.00000 	361.50532 	0.04053 	45.00081 	20.50805
12800.00000 	362.75553 	0.04053 	45.00081 	20.50805
12900.00000 	364.09859 	0.04056 	45.00081 	20.50805
13000.00000 	365.42461 	0.04058 	45.00081 	20.50805
13100.00000 	366.83140 	0.04063 	45.00081 	20.50805
13200.00000 	368.27255 	0.04064 	45.00081 	20.50805
13300.00000 	369.69657 	0.04069 	45.00081 	20.50805
13400.00000 	370.96043 	0.04038 	45.00081 	20.50805
13500.00000 	372.16376 	0.03980 	45.00081 	20.50805
13600.00000 	373.33813 	0.03926 	45.00081 	20.50805
13700.00000 	374.59633 	0.03876 	45.00081 	20.50805
13800.00000 	375.88413 	0.03827 	45.00081 	20.50805
13900.00000 	377.20260 	0.03779 	45.00081 	20.50805
14000.00000 	378.49083 	0.03730 	45.00081 	20.50805
14100.00000 	379.87267 	0.03686 	43.75045 	20.50352
14200.00000 	381.28877 	0.03642 	42.50036 	20.50888
14300.00000 	382.67372 	0.03597 	41.25337 	20.50528
14400.00000 	384.16079 	0.03551 	40.00268 	20.50566
14500.00000 	385.61615 	0.03513 	38.74871 	20.50773
14600.00000 	386.89255 	0.03468 	37.50001 	20.50514
14700.00000 	388.19666 	0.03424 	36.24981 	20.50916
14800.00000 	389.52944 	0.03381 	34.99770 	20.50840
14900.00000 	391.00535 	0.03342 	33.75307 	20.50606
15000.00000 	392.40045 	0.03306 	32.50047 	20.50627
15100.00000 	393.82749 	0.03266 	31.24925 	20.51131
15200.00000 	395.28763 	0.03228 	29.99924 	20.51016
15300.00000 	396.78213 	0.03190 	28.75180 	20.50846
15400.00000 	398.33117 	0.03158 	27.49986 	20.50523
15500.00000 	399.89849 	0.03123 	26.24886 	20.50785
15600.00000 	401.50434 	0.03089 	24.99899 	20.50519
15700.00000 	403.15026 	0.03055 	23.74787 	20.50585
15800.00000 	404.83789 	0.03023 	22.50005 	20.50939
15900.00000 	406.74224 	0.03054 	21.24862 	20.50523
16000.00000 	408.91466 	0.03229 	19.99844 	20.50748
16100.00000 	411.60857 	0.03429 	19.99844 	20.50748
16200.00000 	414.33580 	0.03641 	19.99844 	20.50748
16300.00000 	417.08410 	0.03865 	19.99844 	20.50748
16400.00000 	419.85306 	0.04103 	19.99844 	20.50748
16500.00000 	422.65572 	0.04356 	19.99844 	20.50748
16600.00000 	425.47876 	0.04624 	19.99844 	20.50748
16700.00000 	428.32164 	0.04907 	19.99844 	20.50748
16800.00000 	431.19832 	0.05208 	19.99844 	20.50748
16900.00000 	434.10928 	0.05528 	19.99844 	20.50748
17000.00000 	437.03964 	0.05866 	19.99844 	20.50748
17100.00000 	440.00439 	0.06225 	19.99844 	20.50748
17200.00000 	442.98779 	0.06606 	19.99844 	20.50748
17300.00000 	446.00557 	0.07009 	19.99844 	20.50748
17400.00000 	449.05809 	0.07437 	19.99844 	20.50748
17500.00000 	452.12821 	0.07891 	19.99844 	20.50748
17600.00000 	455.23282 	0.08371 	19.99844 	20.50748
17700.00000 	458.37221 	0.08881 	19.99844 	20.50748
17800.00000 	461.54664 	0.09422 	19.99844 	20.50748
17900.00000 	464.73690 	0.09994 	19.99844 	20.50748
18000.00000 	467.96160 	0.10601 	19.99844 	20.50748
18100.00000 	471.22087 	0.11244 	19.99844 	20.50748
18200.00000 	474.51484 	0.11927 	19.99844 	20.50748
18300.00000 	477.84357 	0.12650 	19.99844 	20.50748
18400.00000 	481.20711 	0.13417 	19.99844 	20.50748
18500.00000 	484.60545 	0.14230 	19.99844 	20.50748
18600.00000 	488.01504 	0.15089 	19.99844 	20.50748
18700.00000 	491.48215 	0.16002 	19.99844 	20.50748
18800.00000 	494.98377 	0.16970 	19.99844 	20.50748
18900.00000 	498.51968 	0.17995 	19.99844 	20.50748
19000.00000 	502.06338 	0.19078 	19.99844 	20.50748
19100.00000 	505.69331 	0.20233 	19.99844 	20.50748
19200.00000 	509.33029 	0.21453 	19.99844 	20.50748
19300.00000 	513.00012 	0.22745 	19.99844 	20.50748
19400.00000 	516.70223 	0.24113 	19.99844 	20.50748
19500.00000 	520.46618 	0.25566 	19.99844 	20.50748
19600.00000 	524.26277 	0.27106 	19.99844 	20.50748
19700.00000 	528.09123 	0.28736 	19.99844 	20.50748
19800.00000 	531.98361 	0.30468 	19.99844 	20.50748
19900.00000 	535.87406 	0.32295 	19.99844 	20.50748
20000.00000 	539.86317 	0.34244 	19.99844 	20.50748
