994.60000 	301.39614 	19.45168
0.00000 	301.39591 	19.45168 	-0.00000 	0.00000
100.00000 	301.90172 	19.43012 	-0.00000 	2.75228
200.00000 	302.18803 	18.90916 	-0.00000 	5.49941
300.00000 	302.79872 	18.44715 	0.53615 	9.47119
400.00000 	303.40209 	18.00619 	1.07133 	11.06540
500.00000 	303.90638 	17.82416 	1.60716 	12.25718
600.00000 	304.40245 	17.65489 	2.14179 	13.22381
700.00000 	304.78771 	17.47556 	2.67836 	14.05376
800.00000 	305.07195 	17.27330 	3.21428 	14.77917
900.00000 	305.35515 	17.05458 	3.75069 	15.42104
1000.00000 	305.52549 	16.62969 	4.28603 	15.99570
1100.00000 	305.69526 	16.21362 	4.82111 	16.51902
1200.00000 	306.09311 	16.03691 	5.35714 	16.99067
1300.00000 	306.57571 	15.95337 	5.89348 	17.42154
1400.00000 	306.97553 	15.76830 	6.43012 	17.81157
1500.00000 	307.02910 	15.16837 	6.96617 	18.16644
1600.00000 	307.09145 	14.58023 	7.50121 	18.49178
1700.00000 	307.22623 	14.04899 	8.03659 	18.78698
1800.00000 	307.41281 	13.54334 	8.57059 	19.05265
1900.00000 	307.60932 	13.06362 	9.10716 	19.29248
2000.00000 	307.91143 	12.52914 	9.64395 	19.51305
2100.00000 	308.24630 	12.01659 	10.17867 	19.70393
2200.00000 	308.54824 	11.48149 	10.71483 	19.87466
2300.00000 	308.81649 	10.88340 	11.25157 	20.02549
2400.00000 	309.10705 	10.31524 	11.78548 	20.15228
2500.00000 	309.47212 	9.81903 	12.32172 	20.25770
2600.00000 	309.91311 	9.38906 	12.85877 	20.34842
2700.00000 	310.36742 	8.98403 	13.39400 	20.41370
2800.00000 	310.85231 	8.63390 	13.93227 	20.46228
2900.00000 	311.37169 	8.31408 	14.46656 	20.49247
3000.00000 	311.89133 	8.00426 	14.99974 	20.50205
3100.00000 	312.31114 	7.83677 	15.49986 	20.50192
3200.00000 	312.70794 	7.71033 	15.99965 	20.50073
3300.00000 	313.10571 	7.58646 	16.50231 	20.50274
3400.00000 	313.42399 	7.47470 	17.00144 	20.50016
3500.00000 	313.71807 	7.36933 	17.49994 	20.50429
3600.00000 	314.01014 	7.26492 	17.99834 	20.50151
3700.00000 	314.40203 	7.22372 	18.49978 	20.50286
3800.00000 	314.86322 	7.23568 	19.00088 	20.50472
3900.00000 	315.32330 	7.18493 	19.50167 	20.50025
4000.00000 	315.81643 	7.03151 	20.00202 	20.50398
4100.00000 	316.33128 	6.86054 	20.50192 	20.50192
4200.00000 	316.85971 	6.68899 	21.00133 	20.50149
4300.00000 	317.35227 	6.50644 	21.50023 	20.50304
4400.00000 	317.70002 	6.27571 	22.00220 	20.50303
4500.00000 	318.04850 	6.05274 	22.49982 	20.50200
4600.00000 	318.40965 	5.83297 	23.00040 	20.49981
4700.00000 	318.80313 	5.63239 	23.50034 	20.50066
4800.00000 	319.18924 	5.44462 	24.00321 	20.50068
4900.00000 	319.60469 	5.25985 	24.50147 	20.50095
5000.00000 	320.02908 	5.08403 	25.00257 	20.50082
5100.00000 	320.48110 	4.93073 	25.49890 	20.50164
5200.00000 	320.94673 	4.77833 	26.00156 	20.49798
5300.00000 	321.42639 	4.63054 	26.49982 	20.50356
5400.00000 	321.98719 	4.51057 	27.00029 	20.50176
5500.00000 	322.57557 	4.40905 	27.50343 	20.50043
5600.00000 	323.20906 	4.29754 	28.00151 	20.50152
5700.00000 	323.82781 	4.11713 	28.50220 	20.50354
5800.00000 	324.60248 	3.83346 	29.00128 	20.50367
5900.00000 	325.39278 	3.53804 	29.50291 	20.50505
6000.00000 	326.21885 	3.34555 	30.00282 	20.50493
6100.00000 	327.04288 	3.16201 	30.37626 	20.50448
6200.00000 	327.71562 	2.99188 	30.75496 	20.50325
6300.00000 	328.34710 	2.82726 	31.13107 	20.50378
6400.00000 	328.96149 	2.67254 	31.50455 	20.50623
6500.00000 	329.61239 	2.52614 	31.87897 	20.50524
6600.00000 	330.25044 	2.39000 	32.25071 	20.50642
6700.00000 	330.89584 	2.26196 	32.62768 	20.50701
6800.00000 	331.56643 	2.14072 	33.00554 	20.50420
6900.00000 	332.23211 	2.02500 	33.38068 	20.50382
7000.00000 	332.89241 	1.91296 	33.75307 	20.50606
7100.00000 	333.45993 	1.79348 	34.12628 	20.50514
7200.00000 	334.07900 	1.68268 	34.50470 	20.50368
7300.00000 	334.67856 	1.57776 	34.88033 	20.50511
7400.00000 	335.29471 	1.47883 	35.25674 	20.50344
7500.00000 	335.85171 	1.39010 	35.63032 	20.50490
7600.00000 	336.32390 	1.31021 	36.00464 	20.50338
7700.00000 	336.84929 	1.23377 	36.37609 	20.50524
7800.00000 	337.35279 	1.16216 	36.75273 	20.50675
7900.00000 	337.88572 	1.09438 	37.13008 	20.50536
8000.00000 	338.34311 	1.03557 	37.50452 	20.50761
8100.00000 	338.77685 	0.98121 	37.87963 	20.50708
8200.00000 	339.22633 	0.92949 	38.25539 	20.50376
8300.00000 	339.66487 	0.88006 	38.62820 	20.50440
8400.00000 	340.14700 	0.83407 	39.00619 	20.50477
8500.00000 	340.48218 	0.79875 	39.37665 	20.50692
8600.00000 	340.73642 	0.77038 	39.75585 	20.50195
8700.00000 	341.01884 	0.74299 	40.12848 	20.50827
8800.00000 	341.30272 	0.71655 	40.50527 	20.50507
8900.00000 	341.57248 	0.69082 	40.87904 	20.50641
9000.00000 	341.88758 	0.66556 	41.25337 	20.50528
9100.00000 	342.08609 	0.64122 	41.62823 	20.50168
9200.00000 	342.29879 	0.61774 	42.00466 	20.50519
9300.00000 	342.55760 	0.59529 	42.37698 	20.50409
9400.00000 	342.80063 	0.57290 	42.75445 	20.50285
9500.00000 	343.05938 	0.55186 	43.12884 	20.50676
9600.00000 	343.33444 	0.53054 	43.50372 	20.50841
9700.00000 	343.51211 	0.50800 	43.87909 	20.50779
9800.00000 	343.73799 	0.48606 	44.25492 	20.50491
9900.00000 	343.96545 	0.46549 	44.62764 	20.50755
10000.00000 	344.22360 	0.44575 	45.00081 	20.50805
10100.00000 	344.46341 	0.42666 	45.00081 	20.50805
10200.00000 	344.71981 	0.40795 	45.00081 	20.50805
10300.00000 	344.92784 	0.38829 	45.00081 	20.50805
10400.00000 	345.12990 	0.36940 	45.00081 	20.50805
10500.00000 	345.33335 	0.35173 	45.00081 	20.50805
10600.00000 	345.56802 	0.33453 	45.00081 	20.50805
10700.00000 	345.80517 	0.31844 	45.00081 	20.50805
10800.00000 	346.07492 	0.30278 	45.00081 	20.50805
10900.00000 	346.36797 	0.28683 	45.00081 	20.50805
11000.00000 	346.62811 	0.27059 	45.00081 	20.50805
11100.00000 	346.88999 	0.25549 	45.00081 	20.50805
11200.00000 	347.18420 	0.24117 	45.00081 	20.50805
11300.00000 	347.49642 	0.22761 	45.00081 	20.50805
11400.00000 	347.81211 	0.21476 	45.00081 	20.50805
11500.00000 	348.16236 	0.20259 	45.00081 	20.50805
11600.00000 	348.50346 	0.19036 	45.00081 	20.50805
11700.00000 	348.77346 	0.17827 	45.00081 	20.50805
11800.00000 	349.07633 	0.16690 	45.00081 	20.50805
11900.00000 	349.39737 	0.15620 	45.00081 	20.50805
12000.00000 	349.76917 	0.14621 	45.00081 	20.50805
12100.00000 	350.12935 	0.13675 	45.00081 	20.50805
12200.00000 	350.49412 	0.12786 	45.00081 	20.50805
12300.00000 	350.89571 	0.11952 	45.00081 	20.50805
12400.00000 	351.18588 	0.11132 	45.00081 	20.50805
12500.00000 	351.44358 	0.10358 	45.00081 	20.50805
12600.00000 	351.77188 	0.09651 	45.00081 	20.50805
12700.00000 	352.06749 	0.08974 	45.00081 	20.50805
12800.00000 	352.38273 	0.08341 	45.00081 	20.50805
12900.00000 	352.77347 	0.07764 	45.00081 	20.50805
13000.00000 	353.13128 	0.07211 	45.00081 	20.50805
13100.00000 	353.51119 	0.06695 	45.00081 	20.50805
13200.00000 	353.94706 	0.06214 	45.00081 	20.50805
13300.00000 	354.29627 	0.05734 	45.00081 	20.50805
13400.00000 	354.68181 	0.05295 	45.00081 	20.50805
13500.00000 	355.08796 	0.04887 	45.00081 	20.50805
13600.00000 	355.56079 	0.04506 	45.00081 	20.50805
13700.00000 	356.01163 	0.04155 	45.00081 	20.50805
13800.00000 	356.46873 	0.03829 	45.00081 	20.50805
13900.00000 	356.96681 	0.03524 	45.00081 	20.50805
14000.00000 	357.47293 	0.03245 	45.00081 	20.50805
14100.00000 	358.02225 	0.02986 	43.75045 	20.50352
14200.00000 	358.49513 	0.02733 	42.50036 	20.50888
14300.00000 	358.93871 	0.02498 	41.25337 	20.50528
14400.00000 	359.38716 	0.02282 	40.00268 	20.50566
14500.00000 	359.87610 	0.02083 	38.74871 	20.50773
14600.00000 	360.38913 	0.01898 	37.50001 	20.50514
14700.00000 	360.92724 	0.01731 	36.24981 	20.50916
14800.00000 	361.47373 	0.01577 	34.99770 	20.50840
14900.00000 	362.06509 	0.01436 	33.75307 	20.50606
15000.00000 	362.68484 	0.01306 	32.50047 	20.50627
15100.00000 	363.31621 	0.01188 	31.24925 	20.51131
15200.00000 	363.99644 	0.01080 	29.99924 	20.51016
15300.00000 	365.64354 	0.01087 	28.75180 	20.50846
15400.00000 	367.52385 	0.01112 	27.49986 	20.50523
15500.00000 	369.45780 	0.01139 	26.24886 	20.50785
15600.00000 	371.41009 	0.01166 	24.99899 	20.50519
15700.00000 	373.40031 	0.01195 	23.74787 	20.50585
15800.00000 	375.42990 	0.01224 	22.50005 	20.50939
15900.00000 	377.50035 	0.01255 	21.24862 	20.50523
16000.00000 	379.63204 	0.01288 	19.99844 	20.50748
16100.00000 	381.88874 	0.01323 	19.99844 	20.50748
16200.00000 	384.16444 	0.01358 	19.99844 	20.50748
16300.00000 	386.45896 	0.01395 	19.99844 	20.50748
16400.00000 	388.77210 	0.01433 	19.99844 	20.50748
16500.00000 	391.10362 	0.01472 	19.99844 	20.50748
16600.00000 	393.46462 	0.01512 	19.99844 	20.50748
16700.00000 	395.84396 	0.01554 	19.99844 	20.50748
16800.00000 	398.24132 	0.01596 	19.99844 	20.50748
16900.00000 	400.66857 	0.01640 	19.99844 	20.50748
17000.00000 	403.11364 	0.01685 	19.99844 	20.50748
17100.00000 	405.57609 	0.01732 	19.99844 	20.50748
17200.00000 	408.06863 	0.01780 	19.99844 	20.50748
17300.00000 	410.57818 	0.01829 	19.99844 	20.50748
17400.00000 	413.11803 	0.01880 	19.99844 	20.50748
17500.00000 	415.67437 	0.01932 	19.99844 	20.50748
17600.00000 	418.26113 	0.01987 	19.99844 	20.50748
17700.00000 	420.86371 	0.02042 	19.99844 	20.50748
17800.00000 	423.49670 	0.02099 	19.99844 	20.50748
17900.00000 	426.16044 	0.02159 	19.99844 	20.50748
18000.00000 	428.83906 	0.02219 	19.99844 	20.50748
18100.00000 	431.54823 	0.02282 	19.99844 	20.50748
18200.00000 	434.27117 	0.02347 	19.99844 	20.50748
18300.00000 	437.04176 	0.02414 	19.99844 	20.50748
18400.00000 	439.82568 	0.02482 	19.99844 	20.50748
18500.00000 	442.64014 	0.02553 	19.99844 	20.50748
18600.00000 	445.46636 	0.02626 	19.99844 	20.50748
18700.00000 	448.34181 	0.02702 	19.99844 	20.50748
18800.00000 	451.24815 	0.02779 	19.99844 	20.50748
18900.00000 	454.16496 	0.02859 	19.99844 	20.50748
19000.00000 	457.11164 	0.02942 	19.99844 	20.50748
19100.00000 	460.08814 	0.03027 	19.99844 	20.50748
19200.00000 	463.11655 	0.03116 	19.99844 	20.50748
19300.00000 	466.15295 	0.03206 	19.99844 	20.50748
19400.00000 	469.21875 	0.03300 	19.99844 	20.50748
19500.00000 	472.31370 	0.03396 	19.99844 	20.50748
19600.00000 	475.46223 	0.03496 	19.99844 	20.50748
19700.00000 	478.61520 	0.03599 	19.99844 	20.50748
19800.00000 	481.82237 	0.03706 	19.99844 	20.50748
19900.00000 	485.05857 	0.03816 	19.99844 	20.50748
20000.00000 	488.32329 	0.03929 	19.99844 	20.50748
