979.20000 	306.09366 	17.77362
0.00000 	306.09274 	17.77362 	-0.00000 	0.00000
100.00000 	306.11661 	18.92927 	-0.00000 	2.75228
200.00000 	306.49152 	17.95303 	-0.00000 	5.49941
300.00000 	306.83800 	17.04140 	0.53615 	9.47119
400.00000 	307.14363 	16.17239 	1.07133 	11.06540
500.00000 	307.43959 	15.34244 	1.60716 	12.25718
600.00000 	307.58280 	15.26867 	2.14179 	13.22381
700.00000 	307.70403 	15.25643 	2.67836 	14.05376
800.00000 	307.82438 	15.24424 	3.21428 	14.77917
900.00000 	307.95411 	15.20221 	3.75069 	15.42104
1000.00000 	308.08252 	15.16198 	4.28603 	15.99570
1100.00000 	308.22066 	14.95220 	4.82111 	16.51902
1200.00000 	308.36798 	14.74635 	5.35714 	16.99067
1300.00000 	308.66119 	14.25730 	5.89348 	17.42154
1400.00000 	309.13323 	13.48319 	6.43012 	17.81157
1500.00000 	309.60622 	12.74604 	6.96617 	18.16644
1600.00000 	310.09068 	11.93130 	7.50121 	18.49178
1700.00000 	310.57596 	11.13995 	8.03659 	18.78698
1800.00000 	311.01931 	10.37378 	8.57059 	19.05265
1900.00000 	311.32386 	9.58805 	9.10716 	19.29248
2000.00000 	311.62839 	8.85023 	9.64395 	19.51305
2100.00000 	312.02926 	8.14574 	10.17867 	19.70393
2200.00000 	312.51652 	7.35987 	10.71483 	19.87466
2300.00000 	313.00414 	6.46827 	11.25157 	20.02549
2400.00000 	313.45934 	5.82007 	11.78548 	20.15228
2500.00000 	313.92661 	5.56994 	12.32172 	20.25770
2600.00000 	314.38299 	5.43531 	12.85877 	20.34842
2700.00000 	314.69474 	5.25990 	13.39400 	20.41370
2800.00000 	314.99558 	5.08240 	13.93227 	20.46228
2900.00000 	315.31883 	4.91424 	14.46656 	20.49247
3000.00000 	315.47227 	4.70429 	14.99974 	20.50205
3100.00000 	315.60058 	4.46507 	15.49986 	20.50192
3200.00000 	315.76358 	4.20897 	15.99965 	20.50073
3300.00000 	315.94183 	4.03113 	16.50231 	20.50274
3400.00000 	316.14427 	3.96197 	17.00144 	20.50016
3500.00000 	316.34402 	3.92044 	17.49994 	20.50429
3600.00000 	316.47285 	3.87617 	17.99834 	20.50151
3700.00000 	316.58674 	3.82923 	18.49978 	20.50286
3800.00000 	316.69977 	3.78613 	19.00088 	20.50472
3900.00000 	316.83193 	3.73465 	19.50167 	20.50025
4000.00000 	316.95697 	3.67450 	20.00202 	20.50398
4100.00000 	317.11911 	3.61897 	20.50192 	20.50192
4200.00000 	317.26591 	3.55847 	21.00133 	20.50149
4300.00000 	317.39327 	3.49262 	21.50023 	20.50304
4400.00000 	317.54702 	3.42879 	22.00220 	20.50303
4500.00000 	317.69659 	3.36578 	22.49982 	20.50200
4600.00000 	317.83752 	3.30298 	23.00040 	20.49981
4700.00000 	317.98960 	3.23901 	23.50034 	20.50066
4800.00000 	318.15319 	3.17648 	24.00321 	20.50068
4900.00000 	318.32865 	3.11044 	24.50147 	20.50095
5000.00000 	318.46589 	3.03701 	25.00257 	20.50082
5100.00000 	318.63148 	2.96598 	25.49890 	20.50164
5200.00000 	318.80920 	2.89441 	26.00156 	20.49798
5300.00000 	318.97647 	2.81680 	26.49982 	20.50356
5400.00000 	319.12595 	2.73638 	27.00029 	20.50176
5500.00000 	319.30532 	2.66093 	27.50343 	20.50043
5600.00000 	319.49142 	2.58499 	28.00151 	20.50152
5700.00000 	319.83682 	2.48376 	28.50220 	20.50354
5800.00000 	320.22033 	2.38432 	29.00128 	20.50367
5900.00000 	320.61803 	2.28676 	29.50291 	20.50505
6000.00000 	320.99870 	2.19431 	30.00282 	20.50493
6100.00000 	321.42391 	2.10145 	30.37626 	20.50448
6200.00000 	321.83153 	2.01183 	30.75496 	20.50325
6300.00000 	322.26621 	1.92580 	31.13107 	20.50378
6400.00000 	322.70345 	1.84323 	31.50455 	20.50623
6500.00000 	323.11911 	1.76430 	31.87897 	20.50524
6600.00000 	323.58288 	1.69036 	32.25071 	20.50642
6700.00000 	324.02812 	1.61758 	32.62768 	20.50701
6800.00000 	324.51040 	1.54811 	33.00554 	20.50420
6900.00000 	324.90468 	1.47912 	33.38068 	20.50382
7000.00000 	325.28803 	1.41177 	33.75307 	20.50606
7100.00000 	325.68642 	1.34611 	34.12628 	20.50514
7200.00000 	326.07735 	1.28413 	34.50470 	20.50368
7300.00000 	326.48366 	1.22481 	34.88033 	20.50511
7400.00000 	326.83235 	1.16332 	35.25674 	20.50344
7500.00000 	327.19586 	1.10568 	35.63032 	20.50490
7600.00000 	327.57468 	1.05071 	36.00464 	20.50338
7700.00000 	327.98255 	0.99828 	36.37609 	20.50524
7800.00000 	328.32871 	0.94631 	36.75273 	20.50675
7900.00000 	328.61304 	0.89308 	37.13008 	20.50536
8000.00000 	328.91203 	0.84340 	37.50452 	20.50761
8100.00000 	329.23906 	0.79576 	37.87963 	20.50708
8200.00000 	329.56926 	0.75110 	38.25539 	20.50376
8300.00000 	329.88861 	0.71124 	38.62820 	20.50440
8400.00000 	330.16894 	0.67615 	39.00619 	20.50477
8500.00000 	330.47846 	0.64348 	39.37665 	20.50692
8600.00000 	330.81781 	0.61171 	39.75585 	20.50195
8700.00000 	331.14523 	0.58180 	40.12848 	20.50827
8800.00000 	331.50300 	0.55541 	40.50527 	20.50507
8900.00000 	331.87410 	0.54076 	40.87904 	20.50641
9000.00000 	332.26167 	0.52601 	41.25337 	20.50528
9100.00000 	332.63572 	0.51152 	41.62823 	20.50168
9200.00000 	333.05754 	0.49811 	42.00466 	20.50519
9300.00000 	333.49767 	0.48460 	42.37698 	20.50409
9400.00000 	333.93502 	0.46700 	42.75445 	20.50285
9500.00000 	334.38610 	0.44719 	43.12884 	20.50676
9600.00000 	334.84070 	0.42777 	43.50372 	20.50841
9700.00000 	335.29427 	0.40942 	43.87909 	20.50779
9800.00000 	335.78561 	0.39197 	44.25492 	20.50491
9900.00000 	336.31102 	0.37523 	44.62764 	20.50755
10000.00000 	336.82976 	0.35131 	45.00081 	20.50805
10100.00000 	337.36097 	0.32498 	45.00081 	20.50805
10200.00000 	337.91117 	0.30016 	45.00081 	20.50805
10300.00000 	338.44400 	0.27727 	45.00081 	20.50805
10400.00000 	339.03367 	0.25609 	45.00081 	20.50805
10500.00000 	339.64449 	0.23640 	45.00081 	20.50805
10600.00000 	340.20849 	0.21780 	45.00081 	20.50805
10700.00000 	340.63968 	0.20016 	45.00081 	20.50805
10800.00000 	341.08949 	0.18405 	45.00081 	20.50805
10900.00000 	341.50262 	0.16888 	45.00081 	20.50805
11000.00000 	341.99099 	0.15492 	45.00081 	20.50805
11100.00000 	342.50011 	0.14220 	45.00081 	20.50805
11200.00000 	342.97249 	0.13023 	45.00081 	20.50805
11300.00000 	343.48095 	0.11920 	45.00081 	20.50805
11400.00000 	343.87598 	0.10868 	45.00081 	20.50805
11500.00000 	344.30556 	0.09903 	45.00081 	20.50805
11600.00000 	344.75507 	0.09016 	45.00081 	20.50805
11700.00000 	345.22528 	0.08204 	45.00081 	20.50805
11800.00000 	345.66950 	0.07464 	45.00081 	20.50805
11900.00000 	346.16698 	0.06781 	45.00081 	20.50805
12000.00000 	346.70331 	0.06156 	45.00081 	20.50805
12100.00000 	347.54472 	0.05738 	45.00081 	20.50805
12200.00000 	348.58022 	0.05459 	45.00081 	20.50805
12300.00000 	349.70820 	0.05196 	45.00081 	20.50805
12400.00000 	350.81079 	0.04943 	45.00081 	20.50805
12500.00000 	351.92376 	0.04701 	45.00081 	20.50805
12600.00000 	353.08031 	0.04471 	45.00081 	20.50805
12700.00000 	354.30508 	0.04254 	45.00081 	20.50805
12800.00000 	355.52079 	0.04045 	45.00081 	20.50805
12900.00000 	356.75082 	0.03841 	45.00081 	20.50805
13000.00000 	357.78488 	0.03651 	45.00081 	20.50805
13100.00000 	358.82800 	0.03464 	45.00081 	20.50805
13200.00000 	359.83605 	0.03285 	45.00081 	20.50805
13300.00000 	360.93186 	0.03117 	45.00081 	20.50805
13400.00000 	362.00906 	0.02955 	45.00081 	20.50805
13500.00000 	363.16159 	0.02807 	45.00081 	20.50805
13600.00000 	364.34469 	0.02662 	45.00081 	20.50805
13700.00000 	365.49190 	0.02523 	45.00081 	20.50805
13800.00000 	366.75556 	0.02393 	45.00081 	20.50805
13900.00000 	367.89718 	0.02277 	45.00081 	20.50805
14000.00000 	368.71739 	0.02179 	45.00081 	20.50805
14100.00000 	369.57891 	0.02085 	43.75045 	20.50352
14200.00000 	370.44797 	0.01996 	42.50036 	20.50888
14300.00000 	371.34276 	0.01910 	41.25337 	20.50528
14400.00000 	372.26426 	0.01828 	40.00268 	20.50566
14500.00000 	373.21350 	0.01749 	38.74871 	20.50773
14600.00000 	374.19154 	0.01674 	37.50001 	20.50514
14700.00000 	375.19952 	0.01602 	36.24981 	20.50916
14800.00000 	376.23864 	0.01533 	34.99770 	20.50840
14900.00000 	377.41292 	0.01468 	33.75307 	20.50606
15000.00000 	378.52003 	0.01405 	32.50047 	20.50627
15100.00000 	379.47350 	0.01420 	31.24925 	20.51131
15200.00000 	380.54115 	0.01438 	29.99924 	20.51016
15300.00000 	381.54627 	0.01455 	28.75180 	20.50846
15400.00000 	382.67074 	0.01477 	27.49986 	20.50523
15500.00000 	383.73140 	0.01496 	26.24886 	20.50785
15600.00000 	384.91702 	0.01516 	24.99899 	20.50519
15700.00000 	386.03753 	0.01536 	23.74787 	20.50585
15800.00000 	387.18877 	0.01557 	22.50005 	20.50939
15900.00000 	388.47428 	0.01580 	21.24862 	20.50523
16000.00000 	389.69270 	0.01604 	19.99844 	20.50748
16100.00000 	391.08439 	0.01632 	19.99844 	20.50748
16200.00000 	392.47445 	0.01659 	19.99844 	20.50748
16300.00000 	393.89528 	0.01688 	19.99844 	20.50748
16400.00000 	395.31376 	0.01717 	19.99844 	20.50748
16500.00000 	396.74039 	0.01746 	19.99844 	20.50748
16600.00000 	398.18664 	0.01777 	19.99844 	20.50748
16700.00000 	399.64064 	0.01807 	19.99844 	20.50748
16800.00000 	401.11434 	0.01839 	19.99844 	20.50748
16900.00000 	402.59528 	0.01871 	19.99844 	20.50748
17000.00000 	404.08290 	0.01904 	19.99844 	20.50748
17100.00000 	405.58990 	0.01938 	19.99844 	20.50748
17200.00000 	407.10288 	0.01972 	19.99844 	20.50748
17300.00000 	408.63509 	0.02007 	19.99844 	20.50748
17400.00000 	410.17246 	0.02043 	19.99844 	20.50748
17500.00000 	411.72879 	0.02080 	19.99844 	20.50748
17600.00000 	413.28932 	0.02117 	19.99844 	20.50748
17700.00000 	414.88373 	0.02155 	19.99844 	20.50748
17800.00000 	416.46625 	0.02194 	19.99844 	20.50748
17900.00000 	418.08286 	0.02234 	19.99844 	20.50748
18000.00000 	419.70196 	0.02275 	19.99844 	20.50748
18100.00000 	421.33923 	0.02317 	19.99844 	20.50748
18200.00000 	422.97750 	0.02396 	19.99844 	20.50748
18300.00000 	424.65075 	0.02563 	19.99844 	20.50748
18400.00000 	426.32412 	0.02719 	19.99844 	20.50748
18500.00000 	428.01473 	0.02727 	19.99844 	20.50748
18600.00000 	429.72246 	0.02657 	19.99844 	20.50748
18700.00000 	431.44718 	0.02588 	19.99844 	20.50748
18800.00000 	433.18872 	0.02521 	19.99844 	20.50748
18900.00000 	434.92652 	0.02455 	19.99844 	20.50748
19000.00000 	436.70052 	0.02391 	19.99844 	20.50748
19100.00000 	438.49058 	0.02329 	19.99844 	20.50748
19200.00000 	440.27450 	0.02268 	19.99844 	20.50748
19300.00000 	442.09513 	0.02205 	19.99844 	20.50748
19400.00000 	443.93068 	0.02147 	19.99844 	20.50748
19500.00000 	445.78070 	0.02090 	19.99844 	20.50748
19600.00000 	447.64464 	0.02034 	19.99844 	20.50748
19700.00000 	449.52192 	0.01980 	19.99844 	20.50748
19800.00000 	451.41189 	0.01927 	19.99844 	20.50748
19900.00000 	453.33988 	0.01875 	19.99844 	20.50748
20000.00000 	455.28037 	0.01825 	19.99844 	20.50748
