910.10000 	303.43175 	14.37398
0.00000 	303.42769 	14.37398 	-0.00000 	0.00000
100.00000 	304.48754 	13.60077 	-0.00000 	2.75228
200.00000 	304.90203 	13.89690 	-0.00000 	5.49941
300.00000 	305.32745 	14.21074 	0.53615 	9.47119
400.00000 	305.75443 	14.42541 	1.07133 	11.06540
500.00000 	306.20294 	14.58762 	1.60716 	12.25718
600.00000 	306.63151 	14.71490 	2.14179 	13.22381
700.00000 	306.68291 	14.31067 	2.67836 	14.05376
800.00000 	306.74303 	13.90817 	3.21428 	14.77917
900.00000 	306.91785 	13.38071 	3.75069 	15.42104
1000.00000 	307.19802 	12.72625 	4.28603 	15.99570
1100.00000 	307.47794 	12.10788 	4.82111 	16.51902
1200.00000 	307.89606 	11.27463 	5.35714 	16.99067
1300.00000 	308.34714 	10.46493 	5.89348 	17.42154
1400.00000 	308.79881 	9.70015 	6.43012 	17.81157
1500.00000 	309.24014 	8.94759 	6.96617 	18.16644
1600.00000 	309.68175 	8.24694 	7.50121 	18.49178
1700.00000 	310.11364 	7.63916 	8.03659 	18.78698
1800.00000 	310.52278 	7.12063 	8.57059 	19.05265
1900.00000 	310.94377 	6.63404 	9.10716 	19.29248
2000.00000 	311.15591 	6.26215 	9.64395 	19.51305
2100.00000 	311.21202 	5.96883 	10.17867 	19.70393
2200.00000 	311.27782 	5.68398 	10.71483 	19.87466
2300.00000 	311.32801 	5.48604 	11.25157 	20.02549
2400.00000 	311.37674 	5.32592 	11.78548 	20.15228
2500.00000 	311.43538 	5.17039 	12.32172 	20.25770
2600.00000 	311.53372 	5.01037 	12.85877 	20.34842
2700.00000 	311.66262 	4.85080 	13.39400 	20.41370
2800.00000 	311.79071 	4.69612 	13.93227 	20.46228
2900.00000 	311.92704 	4.58323 	14.46656 	20.49247
3000.00000 	312.06018 	4.49612 	14.99974 	20.50205
3100.00000 	312.22968 	4.41163 	15.49986 	20.50192
3200.00000 	312.37057 	4.32433 	15.99965 	20.50073
3300.00000 	312.48195 	4.23117 	16.50231 	20.50274
3400.00000 	312.63021 	4.14405 	17.00144 	20.50016
3500.00000 	312.77495 	4.05515 	17.49994 	20.50429
3600.00000 	312.91595 	3.95551 	17.99834 	20.50151
3700.00000 	313.06462 	3.85775 	18.49978 	20.50286
3800.00000 	313.24022 	3.76317 	19.00088 	20.50472
3900.00000 	313.41602 	3.66056 	19.50167 	20.50025
4000.00000 	313.61517 	3.55799 	20.00202 	20.50398
4100.00000 	313.84250 	3.46707 	20.50192 	20.50192
4200.00000 	314.07366 	3.38263 	21.00133 	20.50149
4300.00000 	314.31989 	3.27325 	21.50023 	20.50304
4400.00000 	314.58330 	3.13048 	22.00220 	20.50303
4500.00000 	314.85471 	2.99057 	22.49982 	20.50200
4600.00000 	315.14602 	2.85821 	23.00040 	20.49981
4700.00000 	315.44511 	2.73518 	23.50034 	20.50066
4800.00000 	315.75745 	2.61499 	24.00321 	20.50068
4900.00000 	316.07129 	2.49769 	24.50147 	20.50095
5000.00000 	316.41148 	2.39411 	25.00257 	20.50082
5100.00000 	316.73463 	2.29032 	25.49890 	20.50164
5200.00000 	317.10261 	2.19302 	26.00156 	20.49798
5300.00000 	317.45384 	2.09915 	26.49982 	20.50356
5400.00000 	317.74897 	2.00442 	27.00029 	20.50176
5500.00000 	318.07707 	1.91409 	27.50343 	20.50043
5600.00000 	318.41945 	1.82911 	28.00151 	20.50152
5700.00000 	318.77660 	1.74618 	28.50220 	20.50354
5800.00000 	319.08729 	1.66564 	29.00128 	20.50367
5900.00000 	319.41194 	1.58176 	29.50291 	20.50505
6000.00000 	319.75101 	1.49145 	30.00282 	20.50493
6100.00000 	320.10498 	1.40466 	30.37626 	20.50448
6200.00000 	320.40513 	1.32537 	30.75496 	20.50325
6300.00000 	320.73258 	1.25020 	31.13107 	20.50378
6400.00000 	321.05261 	1.17867 	31.50455 	20.50623
6500.00000 	321.39733 	1.11120 	31.87897 	20.50524
6600.00000 	321.68573 	1.04770 	32.25071 	20.50642
6700.00000 	321.93943 	0.98730 	32.62768 	20.50701
6800.00000 	322.19454 	0.93012 	33.00554 	20.50420
6900.00000 	322.45358 	0.87576 	33.38068 	20.50382
7000.00000 	322.73876 	0.82456 	33.75307 	20.50606
7100.00000 	322.97685 	0.77499 	34.12628 	20.50514
7200.00000 	323.20462 	0.72729 	34.50470 	20.50368
7300.00000 	323.44710 	0.68293 	34.88033 	20.50511
7400.00000 	323.69138 	0.64047 	35.25674 	20.50344
7500.00000 	323.96482 	0.60102 	35.63032 	20.50490
7600.00000 	324.21452 	0.56295 	36.00464 	20.50338
7700.00000 	324.45239 	0.52746 	36.37609 	20.50524
7800.00000 	324.73303 	0.49370 	36.75273 	20.50675
7900.00000 	325.00213 	0.46226 	37.13008 	20.50536
8000.00000 	325.31599 	0.43280 	37.50452 	20.50761
8100.00000 	325.57458 	0.40429 	37.87963 	20.50708
8200.00000 	325.81959 	0.37741 	38.25539 	20.50376
8300.00000 	326.12382 	0.35193 	38.62820 	20.50440
8400.00000 	326.43112 	0.32837 	39.00619 	20.50477
8500.00000 	326.72522 	0.30618 	39.37665 	20.50692
8600.00000 	327.06483 	0.28567 	39.75585 	20.50195
8700.00000 	327.38738 	0.26735 	40.12848 	20.50827
8800.00000 	327.70892 	0.24979 	40.50527 	20.50507
8900.00000 	328.06568 	0.23337 	40.87904 	20.50641
9000.00000 	328.44073 	0.21818 	41.25337 	20.50528
9100.00000 	328.84919 	0.20370 	41.62823 	20.50168
9200.00000 	329.28105 	0.19121 	42.00466 	20.50519
9300.00000 	329.81322 	0.18072 	42.37698 	20.50409
9400.00000 	330.36486 	0.17078 	42.75445 	20.50285
9500.00000 	330.88581 	0.16129 	43.12884 	20.50676
9600.00000 	331.47787 	0.15235 	43.50372 	20.50841
9700.00000 	332.09164 	0.14373 	43.87909 	20.50779
9800.00000 	332.73444 	0.13611 	44.25492 	20.50491
9900.00000 	333.53722 	0.13017 	44.62764 	20.50755
10000.00000 	334.40087 	0.12454 	45.00081 	20.50805
10100.00000 	335.26300 	0.11909 	45.00081 	20.50805
10200.00000 	336.17402 	0.11405 	45.00081 	20.50805
10300.00000 	337.06873 	0.10905 	45.00081 	20.50805
10400.00000 	337.98819 	0.10426 	45.00081 	20.50805
10500.00000 	338.97934 	0.09922 	45.00081 	20.50805
10600.00000 	339.94248 	0.09320 	45.00081 	20.50805
10700.00000 	340.94492 	0.08752 	45.00081 	20.50805
10800.00000 	341.95666 	0.08217 	45.00081 	20.50805
10900.00000 	343.00962 	0.07713 	45.00081 	20.50805
11000.00000 	344.07360 	0.07237 	45.00081 	20.50805
11100.00000 	345.16513 	0.06790 	45.00081 	20.50805
11200.00000 	346.25186 	0.06365 	45.00081 	20.50805
11300.00000 	347.44345 	0.06153 	45.00081 	20.50805
11400.00000 	348.64079 	0.06022 	45.00081 	20.50805
11500.00000 	349.90018 	0.05897 	45.00081 	20.50805
11600.00000 	351.13531 	0.05773 	45.00081 	20.50805
11700.00000 	352.41440 	0.05645 	45.00081 	20.50805
11800.00000 	353.76138 	0.05531 	45.00081 	20.50805
11900.00000 	355.08418 	0.05417 	45.00081 	20.50805
12000.00000 	356.43803 	0.05299 	45.00081 	20.50805
12100.00000 	357.88999 	0.05237 	45.00081 	20.50805
12200.00000 	359.36860 	0.05339 	45.00081 	20.50805
12300.00000 	360.95255 	0.05448 	45.00081 	20.50805
12400.00000 	362.48914 	0.05557 	45.00081 	20.50805
12500.00000 	364.13565 	0.05673 	45.00081 	20.50805
12600.00000 	365.73438 	0.05789 	45.00081 	20.50805
12700.00000 	367.44800 	0.05912 	45.00081 	20.50805
12800.00000 	369.11349 	0.06036 	45.00081 	20.50805
12900.00000 	370.88222 	0.06169 	45.00081 	20.50805
13000.00000 	372.63663 	0.06301 	45.00081 	20.50805
13100.00000 	374.30506 	0.06332 	45.00081 	20.50805
13200.00000 	375.73762 	0.06189 	45.00081 	20.50805
13300.00000 	377.27196 	0.06047 	45.00081 	20.50805
13400.00000 	378.74425 	0.05904 	45.00081 	20.50805
13500.00000 	380.34052 	0.05769 	45.00081 	20.50805
13600.00000 	381.89140 	0.05634 	45.00081 	20.50805
13700.00000 	383.47378 	0.05503 	45.00081 	20.50805
13800.00000 	385.15299 	0.05387 	45.00081 	20.50805
13900.00000 	386.80336 	0.05263 	45.00081 	20.50805
14000.00000 	388.57426 	0.05146 	45.00081 	20.50805
14100.00000 	390.29795 	0.05029 	43.75045 	20.50352
14200.00000 	392.14867 	0.04920 	42.50036 	20.50888
14300.00000 	393.55135 	0.04878 	41.25337 	20.50528
14400.00000 	394.85387 	0.04858 	40.00268 	20.50566
14500.00000 	396.27654 	0.04844 	38.74871 	20.50773
14600.00000 	397.61538 	0.04832 	37.50001 	20.50514
14700.00000 	399.09802 	0.04819 	36.24981 	20.50916
14800.00000 	400.51372 	0.04810 	34.99770 	20.50840
14900.00000 	401.95934 	0.04795 	33.75307 	20.50606
15000.00000 	403.52045 	0.04791 	32.50047 	20.50627
15100.00000 	405.03098 	0.04778 	31.24925 	20.51131
15200.00000 	406.57478 	0.04773 	29.99924 	20.51016
15300.00000 	408.26266 	0.04767 	28.75180 	20.50846
15400.00000 	409.85992 	0.04763 	27.49986 	20.50523
15500.00000 	411.51338 	0.04755 	26.24886 	20.50785
15600.00000 	413.32211 	0.04752 	24.99899 	20.50519
15700.00000 	415.09241 	0.04829 	23.74787 	20.50585
15800.00000 	416.94452 	0.05086 	22.50005 	20.50939
15900.00000 	418.92958 	0.05364 	21.24862 	20.50523
16000.00000 	420.82317 	0.05651 	19.99844 	20.50748
16100.00000 	423.33853 	0.05983 	19.99844 	20.50748
16200.00000 	425.88513 	0.06335 	19.99844 	20.50748
16300.00000 	428.44993 	0.06707 	19.99844 	20.50748
16400.00000 	431.04630 	0.07101 	19.99844 	20.50748
16500.00000 	433.66051 	0.07517 	19.99844 	20.50748
16600.00000 	436.29193 	0.07957 	19.99844 	20.50748
16700.00000 	438.95490 	0.08423 	19.99844 	20.50748
16800.00000 	441.64981 	0.08916 	19.99844 	20.50748
16900.00000 	444.36135 	0.09437 	19.99844 	20.50748
17000.00000 	447.08871 	0.09988 	19.99844 	20.50748
17100.00000 	449.86412 	0.10572 	19.99844 	20.50748
17200.00000 	452.65522 	0.11189 	19.99844 	20.50748
17300.00000 	455.46102 	0.11840 	19.99844 	20.50748
17400.00000 	458.29834 	0.12529 	19.99844 	20.50748
17500.00000 	461.16743 	0.13259 	19.99844 	20.50748
17600.00000 	464.06848 	0.14031 	19.99844 	20.50748
17700.00000 	467.00171 	0.14848 	19.99844 	20.50748
17800.00000 	469.94744 	0.15710 	19.99844 	20.50748
17900.00000 	472.92461 	0.16623 	19.99844 	20.50748
18000.00000 	475.95421 	0.17590 	19.99844 	20.50748
18100.00000 	478.99500 	0.18612 	19.99844 	20.50748
18200.00000 	482.06737 	0.19692 	19.99844 	20.50748
18300.00000 	485.14863 	0.20831 	19.99844 	20.50748
18400.00000 	488.28339 	0.22039 	19.99844 	20.50748
18500.00000 	491.44947 	0.23317 	19.99844 	20.50748
18600.00000 	494.64669 	0.24668 	19.99844 	20.50748
18700.00000 	497.87485 	0.26097 	19.99844 	20.50748
18800.00000 	501.13364 	0.27608 	19.99844 	20.50748
18900.00000 	504.42272 	0.29205 	19.99844 	20.50748
19000.00000 	507.74169 	0.30894 	19.99844 	20.50748
19100.00000 	511.09006 	0.32678 	19.99844 	20.50748
19200.00000 	514.49616 	0.34571 	19.99844 	20.50748
19300.00000 	517.93206 	0.36572 	19.99844 	20.50748
19400.00000 	521.36655 	0.38678 	19.99844 	20.50748
19500.00000 	524.89053 	0.40920 	19.99844 	20.50748
19600.00000 	528.41149 	0.43281 	19.99844 	20.50748
19700.00000 	531.99223 	0.45784 	19.99844 	20.50748
19800.00000 	535.60035 	0.48429 	19.99844 	20.50748
19900.00000 	539.23473 	0.51222 	19.99844 	20.50748
20000.00000 	542.93030 	0.54184 	19.99844 	20.50748
