958.20000 	305.57712 	20.93156
0.00000 	305.57526 	20.93156 	-0.00000 	0.00000
100.00000 	305.58235 	18.09389 	-0.00000 	2.75228
200.00000 	305.75116 	16.98956 	-0.00000 	5.49941
300.00000 	305.95030 	16.01779 	0.53615 	9.47119
400.00000 	306.03644 	15.77870 	1.07133 	11.06540
500.00000 	306.07978 	16.12096 	1.60716 	12.25718
600.00000 	306.29791 	16.52267 	2.14179 	13.22381
700.00000 	306.67056 	16.67480 	2.67836 	14.05376
800.00000 	306.94048 	16.71768 	3.21428 	14.77917
900.00000 	307.13698 	16.57824 	3.75069 	15.42104
1000.00000 	307.47932 	15.80727 	4.28603 	15.99570
1100.00000 	307.81146 	16.53773 	4.82111 	16.51902
1200.00000 	308.18586 	17.31239 	5.35714 	16.99067
1300.00000 	308.61337 	17.12369 	5.89348 	17.42154
1400.00000 	309.05205 	16.45517 	6.43012 	17.81157
1500.00000 	309.38496 	15.65362 	6.96617 	18.16644
1600.00000 	309.62202 	14.92765 	7.50121 	18.49178
1700.00000 	309.71912 	14.25946 	8.03659 	18.78698
1800.00000 	309.85668 	13.65193 	8.57059 	19.05265
1900.00000 	310.04762 	12.39254 	9.10716 	19.29248
2000.00000 	310.17159 	9.23638 	9.64395 	19.51305
2100.00000 	310.40196 	6.10768 	10.17867 	19.70393
2200.00000 	310.75162 	4.83897 	10.71483 	19.87466
2300.00000 	312.64053 	5.14851 	11.25157 	20.02549
2400.00000 	314.24336 	5.38538 	11.78548 	20.15228
2500.00000 	315.23812 	5.42266 	12.32172 	20.25770
2600.00000 	315.60737 	5.25581 	12.85877 	20.34842
2700.00000 	315.77630 	5.01481 	13.39400 	20.41370
2800.00000 	315.84267 	4.55385 	13.93227 	20.46228
2900.00000 	315.89650 	4.08788 	14.46656 	20.49247
3000.00000 	315.92451 	3.76369 	14.99974 	20.50205
3100.00000 	316.06095 	3.51584 	15.49986 	20.50192
3200.00000 	316.26175 	3.26459 	15.99965 	20.50073
3300.00000 	316.71081 	2.89087 	16.50231 	20.50274
3400.00000 	317.27215 	2.37145 	17.00144 	20.50016
3500.00000 	317.99227 	1.73460 	17.49994 	20.50429
3600.00000 	318.42725 	1.44475 	17.99834 	20.50151
3700.00000 	318.71463 	1.29239 	18.49978 	20.50286
3800.00000 	318.99587 	1.24009 	19.00088 	20.50472
3900.00000 	319.31548 	1.20327 	19.50167 	20.50025
4000.00000 	319.46289 	1.15499 	20.00202 	20.50398
4100.00000 	319.63654 	1.10967 	20.50192 	20.50192
4200.00000 	320.00835 	1.03322 	21.00133 	20.50149
4300.00000 	320.83740 	0.88015 	21.50023 	20.50304
4400.00000 	321.69844 	0.74797 	22.00220 	20.50303
4500.00000 	321.94026 	0.71134 	22.49982 	20.50200
4600.00000 	322.08191 	0.69111 	23.00040 	20.49981
4700.00000 	322.22196 	0.67207 	23.50034 	20.50066
4800.00000 	322.35553 	0.65283 	24.00321 	20.50068
4900.00000 	322.51669 	0.63426 	24.50147 	20.50095
5000.00000 	322.68899 	0.61679 	25.00257 	20.50082
5100.00000 	322.87281 	0.59925 	25.49890 	20.50164
5200.00000 	323.06849 	0.58221 	26.00156 	20.49798
5300.00000 	323.25830 	0.56607 	26.49982 	20.50356
5400.00000 	323.49081 	0.54999 	27.00029 	20.50176
5500.00000 	323.72426 	0.53487 	27.50343 	20.50043
5600.00000 	323.97121 	0.51970 	28.00151 	20.50152
5700.00000 	324.23212 	0.50497 	28.50220 	20.50354
5800.00000 	324.50745 	0.49113 	29.00128 	20.50367
5900.00000 	324.77799 	0.47714 	29.50291 	20.50505
6000.00000 	325.01578 	0.46992 	30.00282 	20.50493
6100.00000 	325.19084 	0.46902 	30.37626 	20.50448
6200.00000 	325.36492 	0.46819 	30.75496 	20.50325
6300.00000 	325.57164 	0.46753 	31.13107 	20.50378
6400.00000 	325.78267 	0.46638 	31.50455 	20.50623
6500.00000 	325.99372 	0.46576 	31.87897 	20.50524
6600.00000 	326.25223 	0.46531 	32.25071 	20.50642
6700.00000 	326.49014 	0.46483 	32.62768 	20.50701
6800.00000 	326.74198 	0.46399 	33.00554 	20.50420
6900.00000 	327.02110 	0.46366 	33.38068 	20.50382
7000.00000 	327.32530 	0.46353 	33.75307 	20.50606
7100.00000 	327.62227 	0.46337 	34.12628 	20.50514
7200.00000 	327.94828 	0.46285 	34.50470 	20.50368
7300.00000 	328.13356 	0.45814 	34.88033 	20.50511
7400.00000 	328.32049 	0.45386 	35.25674 	20.50344
7500.00000 	328.50696 	0.44923 	35.63032 	20.50490
7600.00000 	328.74475 	0.44483 	36.00464 	20.50338
7700.00000 	328.97144 	0.44085 	36.37609 	20.50524
7800.00000 	329.22463 	0.43665 	36.75273 	20.50675
7900.00000 	329.48025 	0.43243 	37.13008 	20.50536
8000.00000 	329.76403 	0.42844 	37.50452 	20.50761
8100.00000 	330.05065 	0.42485 	37.87963 	20.50708
8200.00000 	330.36725 	0.42107 	38.25539 	20.50376
8300.00000 	330.68716 	0.41726 	38.62820 	20.50440
8400.00000 	330.98253 	0.41099 	39.00619 	20.50477
8500.00000 	331.13790 	0.39827 	39.37665 	20.50692
8600.00000 	331.33552 	0.38569 	39.75585 	20.50195
8700.00000 	331.51818 	0.37376 	40.12848 	20.50827
8800.00000 	331.71499 	0.36220 	40.50527 	20.50507
8900.00000 	331.97071 	0.35112 	40.87904 	20.50641
9000.00000 	332.19784 	0.34028 	41.25337 	20.50528
9100.00000 	332.47196 	0.32956 	41.62823 	20.50168
9200.00000 	332.73160 	0.31940 	42.00466 	20.50519
9300.00000 	333.00816 	0.30957 	42.37698 	20.50409
9400.00000 	333.33505 	0.30016 	42.75445 	20.50285
9500.00000 	333.66221 	0.29095 	43.12884 	20.50676
9600.00000 	334.00845 	0.28116 	43.50372 	20.50841
9700.00000 	334.28894 	0.26813 	43.87909 	20.50779
9800.00000 	334.63459 	0.25549 	44.25492 	20.50491
9900.00000 	334.94777 	0.24359 	44.62764 	20.50755
10000.00000 	335.32849 	0.23230 	45.00081 	20.50805
10100.00000 	335.67679 	0.22119 	45.00081 	20.50805
10200.00000 	336.09524 	0.21090 	45.00081 	20.50805
10300.00000 	336.48133 	0.20099 	45.00081 	20.50805
10400.00000 	336.94042 	0.19140 	45.00081 	20.50805
10500.00000 	337.69193 	0.17636 	45.00081 	20.50805
10600.00000 	338.47065 	0.16163 	45.00081 	20.50805
10700.00000 	339.31178 	0.14794 	45.00081 	20.50805
10800.00000 	340.06018 	0.13602 	45.00081 	20.50805
10900.00000 	340.40994 	0.12807 	45.00081 	20.50805
11000.00000 	340.72077 	0.12065 	45.00081 	20.50805
11100.00000 	341.04970 	0.11349 	45.00081 	20.50805
11200.00000 	341.41279 	0.10674 	45.00081 	20.50805
11300.00000 	341.78008 	0.10036 	45.00081 	20.50805
11400.00000 	342.16764 	0.09435 	45.00081 	20.50805
11500.00000 	342.59184 	0.08867 	45.00081 	20.50805
11600.00000 	343.02243 	0.08332 	45.00081 	20.50805
11700.00000 	343.80468 	0.07682 	45.00081 	20.50805
11800.00000 	344.59530 	0.07079 	45.00081 	20.50805
11900.00000 	345.37709 	0.06517 	45.00081 	20.50805
12000.00000 	346.52064 	0.05913 	45.00081 	20.50805
12100.00000 	348.64752 	0.05067 	45.00081 	20.50805
12200.00000 	352.29053 	0.04979 	45.00081 	20.50805
12300.00000 	354.13701 	0.04982 	45.00081 	20.50805
12400.00000 	355.93637 	0.05462 	45.00081 	20.50805
12500.00000 	357.64850 	0.06460 	45.00081 	20.50805
12600.00000 	359.63899 	0.07421 	45.00081 	20.50805
12700.00000 	362.35641 	0.07909 	45.00081 	20.50805
12800.00000 	365.05724 	0.08436 	45.00081 	20.50805
12900.00000 	365.35968 	0.08088 	45.00081 	20.50805
13000.00000 	365.75841 	0.07611 	45.00081 	20.50805
13100.00000 	366.09717 	0.07147 	45.00081 	20.50805
13200.00000 	366.51888 	0.06714 	45.00081 	20.50805
13300.00000 	366.89664 	0.06302 	45.00081 	20.50805
13400.00000 	367.29448 	0.05913 	45.00081 	20.50805
13500.00000 	367.78070 	0.05544 	45.00081 	20.50805
13600.00000 	368.23926 	0.05206 	45.00081 	20.50805
13700.00000 	368.77326 	0.04885 	45.00081 	20.50805
13800.00000 	369.26197 	0.04580 	45.00081 	20.50805
13900.00000 	369.77508 	0.04292 	45.00081 	20.50805
14000.00000 	370.38740 	0.04025 	45.00081 	20.50805
14100.00000 	370.95373 	0.03770 	43.75045 	20.50352
14200.00000 	371.64195 	0.03539 	42.50036 	20.50888
14300.00000 	372.60491 	0.03423 	41.25337 	20.50528
14400.00000 	373.94323 	0.03400 	40.00268 	20.50566
14500.00000 	375.31237 	0.03383 	38.74871 	20.50773
14600.00000 	376.64860 	0.03364 	37.50001 	20.50514
14700.00000 	378.08132 	0.03348 	36.24981 	20.50916
14800.00000 	379.56654 	0.03334 	34.99770 	20.50840
14900.00000 	381.06951 	0.03320 	33.75307 	20.50606
15000.00000 	382.53807 	0.03304 	32.50047 	20.50627
15100.00000 	384.11504 	0.03292 	31.24925 	20.51131
15200.00000 	385.63847 	0.03278 	29.99924 	20.51016
15300.00000 	387.00846 	0.03255 	28.75180 	20.50846
15400.00000 	388.31256 	0.03235 	27.49986 	20.50523
15500.00000 	389.74458 	0.03213 	26.24886 	20.50785
15600.00000 	391.21031 	0.03197 	24.99899 	20.50519
15700.00000 	392.71104 	0.03178 	23.74787 	20.50585
15800.00000 	394.24812 	0.03163 	22.50005 	20.50939
15900.00000 	395.80395 	0.03141 	21.24862 	20.50523
16000.00000 	397.41802 	0.03128 	19.99844 	20.50748
16100.00000 	399.16292 	0.03119 	19.99844 	20.50748
16200.00000 	400.92003 	0.03105 	19.99844 	20.50748
16300.00000 	402.68897 	0.03096 	19.99844 	20.50748
16400.00000 	404.48140 	0.03082 	19.99844 	20.50748
16500.00000 	406.28537 	0.03073 	19.99844 	20.50748
16600.00000 	408.10042 	0.03060 	19.99844 	20.50748
16700.00000 	409.92604 	0.03051 	19.99844 	20.50748
16800.00000 	411.78810 	0.03039 	19.99844 	20.50748
16900.00000 	413.64728 	0.03030 	19.99844 	20.50748
17000.00000 	415.52971 	0.03022 	19.99844 	20.50748
17100.00000 	417.42149 	0.03009 	19.99844 	20.50748
17200.00000 	419.33642 	0.03001 	19.99844 	20.50748
17300.00000 	421.27476 	0.02989 	19.99844 	20.50748
17400.00000 	423.22153 	0.02981 	19.99844 	20.50748
17500.00000 	425.19146 	0.02969 	19.99844 	20.50748
17600.00000 	427.16878 	0.02962 	19.99844 	20.50748
17700.00000 	429.16887 	0.02950 	19.99844 	20.50748
17800.00000 	431.19188 	0.02943 	19.99844 	20.50748
17900.00000 	433.22074 	0.02931 	19.99844 	20.50748
18000.00000 	435.28950 	0.02925 	19.99844 	20.50748
18100.00000 	437.36344 	0.02918 	19.99844 	20.50748
18200.00000 	439.45978 	0.02907 	19.99844 	20.50748
18300.00000 	441.55955 	0.02900 	19.99844 	20.50748
18400.00000 	443.70018 	0.02889 	19.99844 	20.50748
18500.00000 	445.84319 	0.02883 	19.99844 	20.50748
18600.00000 	448.02784 	0.02873 	19.99844 	20.50748
18700.00000 	450.21364 	0.02866 	19.99844 	20.50748
18800.00000 	452.42031 	0.02856 	19.99844 	20.50748
18900.00000 	454.64761 	0.02850 	19.99844 	20.50748
19000.00000 	456.89525 	0.02844 	19.99844 	20.50748
19100.00000 	459.18606 	0.02835 	19.99844 	20.50748
19200.00000 	461.47392 	0.02829 	19.99844 	20.50748
19300.00000 	463.80536 	0.02820 	19.99844 	20.50748
19400.00000 	466.13174 	0.02814 	19.99844 	20.50748
19500.00000 	468.50194 	0.02806 	19.99844 	20.50748
19600.00000 	470.89100 	0.02801 	19.99844 	20.50748
19700.00000 	473.29828 	0.02792 	19.99844 	20.50748
19800.00000 	475.72305 	0.02787 	19.99844 	20.50748
19900.00000 	478.16451 	0.02778 	19.99844 	20.50748
20000.00000 	480.65103 	0.02774 	19.99844 	20.50748
