984.20000 	298.19447 	13.26869
0.00000 	298.19380 	13.26869 	-0.00000 	0.00000
100.00000 	298.20295 	14.04361 	-0.00000 	2.75228
200.00000 	298.92933 	13.14506 	-0.00000 	5.49941
300.00000 	300.11730 	12.67536 	0.53615 	9.47119
400.00000 	300.77154 	12.45816 	1.07133 	11.06540
500.00000 	300.77655 	12.40594 	1.60716 	12.25718
600.00000 	300.80001 	12.30622 	2.14179 	13.22381
700.00000 	300.81305 	12.14103 	2.67836 	14.05376
800.00000 	300.84472 	11.93907 	3.21428 	14.77917
900.00000 	300.88569 	11.67719 	3.75069 	15.42104
1000.00000 	300.93598 	11.41239 	4.28603 	15.99570
1100.00000 	301.02686 	11.12256 	4.82111 	16.51902
1200.00000 	301.42999 	10.81088 	5.35714 	16.99067
1300.00000 	303.01981 	10.45552 	5.89348 	17.42154
1400.00000 	303.52430 	10.01406 	6.43012 	17.81157
1500.00000 	303.61864 	9.55588 	6.96617 	18.16644
1600.00000 	303.71174 	9.14104 	7.50121 	18.49178
1700.00000 	303.72920 	8.95715 	8.03659 	18.78698
1800.00000 	303.72333 	8.81780 	8.57059 	19.05265
1900.00000 	303.79046 	8.60312 	9.10716 	19.29248
2000.00000 	303.96332 	8.21294 	9.64395 	19.51305
2100.00000 	304.26447 	7.76673 	10.17867 	19.70393
2200.00000 	305.03033 	7.34687 	10.71483 	19.87466
2300.00000 	305.65873 	6.98743 	11.25157 	20.02549
2400.00000 	306.16846 	6.66136 	11.78548 	20.15228
2500.00000 	306.36216 	6.32561 	12.32172 	20.25770
2600.00000 	306.58836 	6.00100 	12.85877 	20.34842
2700.00000 	306.85740 	5.68254 	13.39400 	20.41370
2800.00000 	306.99293 	5.25383 	13.93227 	20.46228
2900.00000 	307.08205 	4.81072 	14.46656 	20.49247
3000.00000 	307.30204 	4.41734 	14.99974 	20.50205
3100.00000 	307.60008 	4.03781 	15.49986 	20.50192
3200.00000 	308.47735 	3.53759 	15.99965 	20.50073
3300.00000 	309.39497 	3.09657 	16.50231 	20.50274
3400.00000 	309.72061 	2.91950 	17.00144 	20.50016
3500.00000 	309.85168 	2.82351 	17.49994 	20.50429
3600.00000 	310.00417 	2.73053 	17.99834 	20.50151
3700.00000 	310.16712 	2.64050 	18.49978 	20.50286
3800.00000 	310.32942 	2.55331 	19.00088 	20.50472
3900.00000 	310.51422 	2.46889 	19.50167 	20.50025
4000.00000 	310.69899 	2.38717 	20.00202 	20.50398
4100.00000 	310.90707 	2.30806 	20.50192 	20.50192
4200.00000 	311.12738 	2.23149 	21.00133 	20.50149
4300.00000 	311.34867 	2.15739 	21.50023 	20.50304
4400.00000 	311.59462 	2.08569 	22.00220 	20.50303
4500.00000 	311.87783 	1.99775 	22.49982 	20.50200
4600.00000 	312.19677 	1.91169 	23.00040 	20.49981
4700.00000 	312.52845 	1.82757 	23.50034 	20.50066
4800.00000 	312.85702 	1.74804 	24.00321 	20.50068
4900.00000 	313.21518 	1.67065 	24.50147 	20.50095
5000.00000 	313.58734 	1.59646 	25.00257 	20.50082
5100.00000 	314.00705 	1.51933 	25.49890 	20.50164
5200.00000 	314.48385 	1.43923 	26.00156 	20.49798
5300.00000 	314.97514 	1.36419 	26.49982 	20.50356
5400.00000 	315.48138 	1.29276 	27.00029 	20.50176
5500.00000 	315.96708 	1.21265 	27.50343 	20.50043
5600.00000 	316.47383 	1.12105 	28.00151 	20.50152
5700.00000 	316.98328 	1.03575 	28.50220 	20.50354
5800.00000 	317.52042 	0.95637 	29.00128 	20.50367
5900.00000 	317.89936 	0.89976 	29.50291 	20.50505
6000.00000 	318.08017 	0.87141 	30.00282 	20.50493
6100.00000 	318.26615 	0.84376 	30.37626 	20.50448
6200.00000 	318.47178 	0.81715 	30.75496 	20.50325
6300.00000 	318.70312 	0.79138 	31.13107 	20.50378
6400.00000 	318.91511 	0.76625 	31.50455 	20.50623
6500.00000 	319.17395 	0.74208 	31.87897 	20.50524
6600.00000 	319.43475 	0.71868 	32.25071 	20.50642
6700.00000 	319.68924 	0.69521 	32.62768 	20.50701
6800.00000 	320.07778 	0.66056 	33.00554 	20.50420
6900.00000 	320.53186 	0.61427 	33.38068 	20.50382
7000.00000 	321.03659 	0.57109 	33.75307 	20.50606
7100.00000 	321.55803 	0.53120 	34.12628 	20.50514
7200.00000 	322.05064 	0.49409 	34.50470 	20.50368
7300.00000 	322.54932 	0.46193 	34.88033 	20.50511
7400.00000 	323.02748 	0.43158 	35.25674 	20.50344
7500.00000 	323.55899 	0.40356 	35.63032 	20.50490
7600.00000 	324.08345 	0.37676 	36.00464 	20.50338
7700.00000 	324.62521 	0.35159 	36.37609 	20.50524
7800.00000 	324.84414 	0.33291 	36.75273 	20.50675
7900.00000 	324.83949 	0.31807 	37.13008 	20.50536
8000.00000 	324.84549 	0.30417 	37.50452 	20.50761
8100.00000 	324.83627 	0.29076 	37.87963 	20.50708
8200.00000 	324.86431 	0.27770 	38.25539 	20.50376
8300.00000 	324.90410 	0.26546 	38.62820 	20.50440
8400.00000 	324.91515 	0.25340 	39.00619 	20.50477
8500.00000 	324.97925 	0.24218 	39.37665 	20.50692
8600.00000 	325.05636 	0.23144 	39.75585 	20.50195
8700.00000 	325.14696 	0.22091 	40.12848 	20.50827
8800.00000 	325.22265 	0.21100 	40.50527 	20.50507
8900.00000 	325.34126 	0.20136 	40.87904 	20.50641
9000.00000 	325.46093 	0.19235 	41.25337 	20.50528
9100.00000 	325.57986 	0.18367 	41.62823 	20.50168
9200.00000 	325.74466 	0.17523 	42.00466 	20.50519
9300.00000 	325.92622 	0.16734 	42.37698 	20.50409
9400.00000 	326.09355 	0.15957 	42.75445 	20.50285
9500.00000 	326.29587 	0.15236 	43.12884 	20.50676
9600.00000 	326.53119 	0.14547 	43.50372 	20.50841
9700.00000 	326.78609 	0.13873 	43.87909 	20.50779
9800.00000 	327.02755 	0.13239 	44.25492 	20.50491
9900.00000 	327.32350 	0.12624 	44.62764 	20.50755
10000.00000 	327.64158 	0.12051 	45.00081 	20.50805
10100.00000 	327.93240 	0.11486 	45.00081 	20.50805
10200.00000 	328.15370 	0.10637 	45.00081 	20.50805
10300.00000 	328.37661 	0.09846 	45.00081 	20.50805
10400.00000 	328.57900 	0.09095 	45.00081 	20.50805
10500.00000 	328.83568 	0.08411 	45.00081 	20.50805
10600.00000 	329.07194 	0.07771 	45.00081 	20.50805
10700.00000 	329.36502 	0.07171 	45.00081 	20.50805
10800.00000 	329.69281 	0.06622 	45.00081 	20.50805
10900.00000 	329.98539 	0.06110 	45.00081 	20.50805
11000.00000 	330.33907 	0.05630 	45.00081 	20.50805
11100.00000 	330.71485 	0.05192 	45.00081 	20.50805
11200.00000 	331.19737 	0.04805 	45.00081 	20.50805
11300.00000 	331.93993 	0.04484 	45.00081 	20.50805
11400.00000 	332.75007 	0.04186 	45.00081 	20.50805
11500.00000 	333.54082 	0.03909 	45.00081 	20.50805
11600.00000 	334.70145 	0.03789 	45.00081 	20.50805
11700.00000 	336.17506 	0.03793 	45.00081 	20.50805
11800.00000 	337.26858 	0.03796 	45.00081 	20.50805
11900.00000 	337.89594 	0.03798 	45.00081 	20.50805
12000.00000 	338.59562 	0.03802 	45.00081 	20.50805
12100.00000 	339.28608 	0.03806 	45.00081 	20.50805
12200.00000 	340.03661 	0.03770 	45.00081 	20.50805
12300.00000 	340.59228 	0.03054 	45.00081 	20.50805
12400.00000 	341.23966 	0.02466 	45.00081 	20.50805
12500.00000 	341.85766 	0.01983 	45.00081 	20.50805
12600.00000 	342.53865 	0.01589 	45.00081 	20.50805
12700.00000 	343.47040 	0.01397 	45.00081 	20.50805
12800.00000 	344.72102 	0.01401 	45.00081 	20.50805
12900.00000 	346.03566 	0.01403 	45.00081 	20.50805
13000.00000 	347.90102 	0.01405 	45.00081 	20.50805
13100.00000 	349.78289 	0.01406 	45.00081 	20.50805
13200.00000 	351.93194 	0.01409 	45.00081 	20.50805
13300.00000 	354.70256 	0.01410 	45.00081 	20.50805
13400.00000 	357.35112 	0.01412 	45.00081 	20.50805
13500.00000 	359.76943 	0.01413 	45.00081 	20.50805
13600.00000 	361.81761 	0.01417 	45.00081 	20.50805
13700.00000 	363.83554 	0.01418 	45.00081 	20.50805
13800.00000 	365.87471 	0.01420 	45.00081 	20.50805
13900.00000 	367.84526 	0.01423 	45.00081 	20.50805
14000.00000 	369.85360 	0.01425 	45.00081 	20.50805
14100.00000 	371.90115 	0.01429 	43.75045 	20.50352
14200.00000 	373.35493 	0.01429 	42.50036 	20.50888
14300.00000 	374.80430 	0.01431 	41.25337 	20.50528
14400.00000 	376.20411 	0.01431 	40.00268 	20.50566
14500.00000 	377.71683 	0.01434 	38.74871 	20.50773
14600.00000 	379.28184 	0.01435 	37.50001 	20.50514
14700.00000 	380.86452 	0.01439 	36.24981 	20.50916
14800.00000 	382.48420 	0.01441 	34.99770 	20.50840
14900.00000 	384.14232 	0.01446 	33.75307 	20.50606
15000.00000 	386.09679 	0.01447 	32.50047 	20.50627
15100.00000 	388.29069 	0.01449 	31.24925 	20.51131
15200.00000 	390.61879 	0.01450 	29.99924 	20.51016
15300.00000 	392.89186 	0.01453 	28.75180 	20.50846
15400.00000 	395.30632 	0.01455 	27.49986 	20.50523
15500.00000 	397.66450 	0.01458 	26.24886 	20.50785
15600.00000 	400.17190 	0.01463 	24.99899 	20.50519
15700.00000 	402.29254 	0.01462 	23.74787 	20.50585
15800.00000 	404.44992 	0.01463 	22.50005 	20.50939
15900.00000 	406.64531 	0.01463 	21.24862 	20.50523
16000.00000 	408.89924 	0.01465 	19.99844 	20.50748
16100.00000 	411.49885 	0.01471 	19.99844 	20.50748
16200.00000 	414.11922 	0.01477 	19.99844 	20.50748
16300.00000 	416.76004 	0.01484 	19.99844 	20.50748
16400.00000 	419.43360 	0.01490 	19.99844 	20.50748
16500.00000 	422.12750 	0.01497 	19.99844 	20.50748
16600.00000 	424.85460 	0.01504 	19.99844 	20.50748
16700.00000 	427.60182 	0.01511 	19.99844 	20.50748
16800.00000 	430.36865 	0.01518 	19.99844 	20.50748
16900.00000 	433.16888 	0.01525 	19.99844 	20.50748
17000.00000 	435.98827 	0.01532 	19.99844 	20.50748
17100.00000 	438.82616 	0.01539 	19.99844 	20.50748
17200.00000 	441.71283 	0.01547 	19.99844 	20.50748
17300.00000 	444.61809 	0.01554 	19.99844 	20.50748
17400.00000 	447.54114 	0.01562 	19.99844 	20.50748
17500.00000 	450.49783 	0.01570 	19.99844 	20.50748
17600.00000 	453.48851 	0.01578 	19.99844 	20.50748
17700.00000 	456.49587 	0.01586 	19.99844 	20.50748
17800.00000 	459.55505 	0.01594 	19.99844 	20.50748
17900.00000 	462.63058 	0.01602 	19.99844 	20.50748
18000.00000 	465.72125 	0.01611 	19.99844 	20.50748
18100.00000 	468.86494 	0.01619 	19.99844 	20.50748
18200.00000 	472.02314 	0.01628 	19.99844 	20.50748
18300.00000 	475.21505 	0.01637 	19.99844 	20.50748
18400.00000 	478.44077 	0.01646 	19.99844 	20.50748
18500.00000 	481.70035 	0.01655 	19.99844 	20.50748
18600.00000 	484.99381 	0.01665 	19.99844 	20.50748
18700.00000 	488.32113 	0.01674 	19.99844 	20.50748
18800.00000 	491.68224 	0.01684 	19.99844 	20.50748
18900.00000 	495.07703 	0.01694 	19.99844 	20.50748
19000.00000 	498.50533 	0.01704 	19.99844 	20.50748
19100.00000 	501.96692 	0.01714 	19.99844 	20.50748
19200.00000 	505.46153 	0.01724 	19.99844 	20.50748
19300.00000 	508.98879 	0.01735 	19.99844 	20.50748
19400.00000 	512.54829 	0.01745 	19.99844 	20.50748
19500.00000 	516.13953 	0.01756 	19.99844 	20.50748
19600.00000 	519.79144 	0.01767 	19.99844 	20.50748
19700.00000 	523.47553 	0.01779 	19.99844 	20.50748
19800.00000 	527.19111 	0.01790 	19.99844 	20.50748
19900.00000 	530.93740 	0.01802 	19.99844 	20.50748
20000.00000 	534.74655 	0.01814 	19.99844 	20.50748
