%TITLE%
 IDEAL	010101/1200

   LEVEL	HGHT	TEMP	DWPT	WDIR	WSPD
------------------------------------------------------------------
%RAW%
 953.70,  0.00,  24.44,  23.89,  158.20,  4.18
 942.60,  100.00,  16.14,  13.78,  150.40,  9.70
 931.60,  200.00,  16.23,  13.64,  164.50,  15.75
 920.70,  300.00,  16.01,  13.51,  174.19,  18.27
 910.00,  400.00,  15.45,  13.07,  183.47,  18.97
 899.30,  500.00,  14.68,  12.50,  192.30,  18.49
 888.70,  600.00,  13.81,  11.92,  200.73,  17.24
 878.30,  700.00,  12.89,  11.21,  209.98,  15.49
 867.90,  800.00,  12.61,  9.97,  216.49,  15.26
 857.60,  900.00,  12.15,  8.62,  220.57,  15.40
 847.50,  1000.00,  11.37,  7.39,  222.69,  15.55
 837.40,  1100.00,  10.48,  6.65,  223.82,  15.65
 827.40,  1200.00,  9.54,  5.84,  222.18,  15.84
 817.50,  1300.00,  8.69,  4.38,  219.17,  16.54
 807.60,  1400.00,  7.98,  2.32,  215.57,  17.84
 797.90,  1500.00,  7.41,  0.90,  215.19,  19.46
 788.30,  1600.00,  7.04, -0.51,  217.95,  20.47
 778.70,  1700.00,  6.72, -1.92,  221.24,  21.60
 769.30,  1800.00,  6.31, -3.34,  222.48,  23.48
 760.00,  1900.00,  5.72, -4.75,  222.10,  26.42
 750.70,  2000.00,  5.00, -6.14,  221.95,  29.16
 741.60,  2100.00,  4.12, -7.51,  222.68,  31.28
 732.50,  2200.00,  3.26, -8.86,  222.83,  32.64
 723.50,  2300.00,  2.37, -10.23,  222.18,  34.19
 714.60,  2400.00,  1.45, -11.62,  220.45,  36.16
 706.00,  2500.00,  0.60, -12.16,  220.46,  37.98
 697.50,  2600.00, -0.24, -12.59,  220.71,  39.79
 689.00,  2700.00, -1.08, -13.02,  220.96,  41.62
 680.50,  2800.00, -1.92, -13.44,  221.21,  43.43
 672.00,  2900.00, -2.76, -13.87,  221.46,  45.23
 663.50,  3000.00, -3.60, -14.30,  221.71,  47.06
 654.90,  3100.00, -4.44, -14.73,  221.97,  48.87
 646.40,  3200.00, -5.28, -15.16,  222.22,  50.70
 638.00,  3300.00, -6.11, -15.58,  222.45,  52.44
 630.10,  3400.00, -6.78, -15.93,  222.49,  53.24
 622.20,  3500.00, -7.46, -16.27,  222.52,  54.04
 614.30,  3600.00, -8.14, -16.62,  222.56,  54.84
 606.40,  3700.00, -8.82, -16.97,  222.59,  55.63
 598.50,  3800.00, -9.50, -17.31,  222.63,  56.43
 590.50,  3900.00, -10.18, -17.66,  222.67,  57.23
 583.10,  4000.00, -10.83, -18.27,  222.54,  57.77
 575.60,  4100.00, -11.48, -18.91,  222.38,  58.26
 568.20,  4200.00, -12.13, -19.56,  222.23,  58.74
 560.70,  4300.00, -12.78, -20.21,  222.08,  59.23
 553.30,  4400.00, -13.43, -20.85,  221.93,  59.73
 546.00,  4500.00, -14.08, -21.64,  221.74,  60.22
 539.00,  4600.00, -14.73, -22.59,  221.53,  60.71
 532.00,  4700.00, -15.38, -23.53,  221.31,  61.19
 524.90,  4800.00, -16.03, -24.48,  221.10,  61.68
 517.90,  4900.00, -16.68, -25.42,  220.88,  62.18
 511.00,  5000.00, -17.34, -26.32,  220.66,  62.65
 504.40,  5100.00, -18.04, -27.09,  220.44,  63.10
 497.70,  5200.00, -18.73, -27.87,  220.23,  63.52
 491.10,  5300.00, -19.43, -28.64,  220.01,  63.97
 484.50,  5400.00, -20.12, -29.41,  219.79,  64.42
 477.80,  5500.00, -20.82, -30.19,  219.57,  64.85
 471.40,  5600.00, -21.54, -30.83,  219.33,  65.29
 465.20,  5700.00, -22.30, -31.26,  219.07,  65.72
 459.00,  5800.00, -23.07, -31.69,  218.80,  66.15
 452.90,  5900.00, -23.84, -32.11,  218.54,  66.58
 446.70,  6000.00, -24.61, -32.54,  218.27,  67.00
 440.50,  6100.00, -25.37, -32.97,  218.01,  67.45
 434.40,  6200.00, -26.14, -33.39,  217.74,  67.88
 428.20,  6300.00, -26.91, -33.82,  217.48,  68.33
 422.40,  6400.00, -27.67, -34.28,  217.50,  68.71
 416.70,  6500.00, -28.42, -34.76,  217.67,  69.12
 411.00,  6600.00, -29.18, -35.23,  217.83,  69.51
 405.30,  6700.00, -29.94, -35.71,  218.00,  69.90
 399.60,  6800.00, -30.69, -36.19,  218.16,  70.29
 393.90,  6900.00, -31.45, -36.67,  218.33,  70.68
 388.20,  7000.00, -32.20, -37.14,  218.49,  71.09
 382.70,  7100.00, -32.91, -37.74,  218.88,  71.69
 377.40,  7200.00, -33.53, -38.53,  219.62,  72.66
 372.00,  7300.00, -34.16, -39.31,  220.36,  73.63
 366.70,  7400.00, -34.78, -40.10,  221.09,  74.60
 361.40,  7500.00, -35.39, -40.91,  221.83,  75.71
 356.30,  7600.00, -35.78, -42.01,  222.56,  77.95
 351.20,  7700.00, -36.17, -43.12,  223.29,  80.20
 346.10,  7800.00, -36.52, -44.36,  223.55,  82.90
 341.20,  7900.00, -36.84, -45.75,  223.36,  86.03
 336.30,  8000.00, -37.23, -47.08,  223.07,  89.34
 331.50,  8100.00, -37.78, -48.26,  222.57,  93.05
 326.80,  8200.00, -38.33, -49.44,  222.07,  96.76
 322.10,  8300.00, -38.89, -50.63,  221.58,  100.50
 317.30,  8400.00, -39.44, -51.81,  221.08,  104.23
 312.60,  8500.00, -40.00, -52.95,  220.59,  107.84
 308.20,  8600.00, -40.70, -53.52,  220.35,  109.79
 303.90,  8700.00, -41.39, -54.09,  220.10,  111.71
 299.50,  8800.00, -42.08, -54.66,  219.85,  113.66
 295.10,  8900.00, -42.78, -55.23,  219.60,  115.60
 290.70,  9000.00, -43.47, -55.80,  219.35,  117.54
 286.30,  9100.00, -44.16, -56.37,  219.11,  119.49
 281.90,  9200.00, -44.86, -56.94,  218.86,  121.43
 277.70,  9300.00, -45.52, -57.73,  218.74,  122.48
 273.70,  9400.00, -46.17, -58.70,  218.73,  122.81
 269.70,  9500.00, -46.82, -59.67,  218.71,  123.14
 265.60,  9600.00, -47.46, -60.64,  218.70,  123.47
 261.60,  9700.00, -48.11, -61.61,  218.69,  123.78
 257.50,  9800.00, -48.76, -62.58,  218.67,  124.11
 253.60,  9900.00, -49.38, -63.51,  218.67,  124.17
 249.80,  10000.00, -49.93, -64.28,  218.72,  123.22
 246.00,  10100.00, -50.48, -65.05,  218.77,  122.27
 242.30,  10200.00, -51.02, -65.82,  218.82,  121.32
 238.50,  10300.00, -51.57, -66.60,  218.87,  120.38
 234.90,  10400.00, -52.06, -67.78,  219.06,  119.20
 231.30,  10500.00, -52.51, -69.18,  219.32,  117.89
 227.70,  10600.00, -52.95, -70.58,  219.58,  116.61
 224.10,  10700.00, -53.40, -71.98,  219.84,  115.33
 220.70,  10800.00, -53.77, -72.24,  220.33,  113.75
 217.30,  10900.00, -54.13, -72.34,  220.86,  112.16
 213.90,  11000.00, -54.49, -72.45,  221.39,  110.57
 210.60,  11100.00, -54.74, -72.55,  221.82,  107.86
 207.30,  11200.00, -54.98, -72.66,  222.23,  104.87
 204.10,  11300.00, -55.21, -72.76,  222.65,  101.97
 200.90,  11400.00, -55.41, -72.87,  223.15,  99.33
 197.80,  11500.00, -55.61, -72.98,  223.64,  96.71
 194.70,  11600.00, -55.57, -73.09,  224.55,  94.72
 191.70,  11700.00, -55.46, -73.19,  225.59,  92.99
 188.70,  11800.00, -55.01, -73.30,  225.79,  92.68
 185.80,  11900.00, -54.82, -73.40,  225.92,  91.48
 182.90,  12000.00, -54.77, -73.51,  226.04,  89.79
 180.10,  12100.00, -55.01, -73.61,  226.81,  87.51
 177.30,  12200.00, -55.30, -73.72,  227.68,  85.18
 174.50,  12300.00, -55.59, -73.82,  228.56,  82.85
 171.80,  12400.00, -55.84,   nan,  229.53,  80.77
 169.20,  12500.00, -56.04,   nan,  230.64,  78.98
 166.50,  12600.00, -56.24,   nan,  231.75,  77.25
 163.90,  12700.00, -56.43,   nan,  232.86,  75.52
 161.30,  12800.00, -56.63,   nan,  233.97,  73.85
 158.80,  12900.00, -56.73,   nan,  234.02,  72.62
 156.40,  13000.00, -56.82,   nan,  233.90,  71.49
 153.90,  13100.00, -56.91,   nan,  233.77,  70.37
 151.50,  13200.00, -56.99,   nan,  233.65,  69.24
 149.00,  13300.00, -57.00,   nan,  233.62,  68.15
 146.80,  13400.00, -56.71,   nan,  233.99,  67.20
 144.50,  13500.00, -56.43,   nan,  234.36,  66.25
 142.30,  13600.00, -56.14,   nan,  234.72,  65.31
 140.10,  13700.00, -55.85,   nan,  235.09,  64.38
 137.80,  13800.00, -55.56,   nan,  235.46,  63.43
 135.60,  13900.00, -55.33,   nan,  236.05,  62.51
 133.60,  14000.00, -55.23,   nan,  237.21,  61.66
 131.60,  14100.00, -55.12,   nan,  238.37,  60.84
 129.60,  14200.00, -55.02,   nan,  239.53,  60.03
 127.60,  14300.00, -54.92,   nan,  240.69,  59.25
 125.60,  14400.00, -54.81,   nan,  241.85,  58.47
 123.60,  14500.00, -54.71,   nan,  243.00,  57.75
 121.60,  14600.00, -54.60,   nan,  244.16,  57.03
 119.70,  14700.00, -54.64, -76.31,  244.54,  56.27
 118.00,  14800.00, -54.78, -76.41,  244.34,  55.48
 116.30,  14900.00, -54.91, -76.51,  244.13,  54.66
 114.60,  15000.00, -55.05, -76.61,  243.92,  53.86
 112.90,  15100.00, -55.19, -76.71,  243.72,  53.07
 111.20,  15200.00, -55.32, -76.81,  243.51,  52.25
 109.50,  15300.00, -55.46, -76.91,  243.30,  51.45
 107.80,  15400.00, -55.60, -77.01,  243.10,  50.66
 106.10,  15500.00, -55.73, -77.12,  242.89,  49.86
 104.40,  15600.00, -55.87, -77.22,  242.69,  49.06
 102.70,  15700.00, -56.01, -77.32,  242.48,  48.25
 101.00,  15800.00, -56.15, -77.42,  242.27,  47.45
 99.30,  15900.00, -56.28, -77.52,  242.07,  46.65
 97.60,  16000.00, -56.42, -77.62,  241.86,  45.86
%END%
