909.00000 	308.69547 	17.86795
0.00000 	308.69128 	17.86795 	-0.00000 	0.00000
100.00000 	308.69844 	15.33115 	-0.00000 	2.75228
200.00000 	309.21107 	14.38270 	-0.00000 	5.49941
300.00000 	309.75546 	13.49834 	0.53615 	9.47119
400.00000 	310.09341 	12.94311 	1.07133 	11.06540
500.00000 	310.30646 	12.58121 	1.60716 	12.25718
600.00000 	310.51869 	12.21285 	2.14179 	13.22381
700.00000 	310.61453 	11.72530 	2.67836 	14.05376
800.00000 	310.71931 	11.25586 	3.21428 	14.77917
900.00000 	310.87538 	10.57021 	3.75069 	15.42104
1000.00000 	311.08349 	9.52906 	4.28603 	15.99570
1100.00000 	311.29065 	8.16077 	4.82111 	16.51902
1200.00000 	311.53893 	6.94063 	5.35714 	16.99067
1300.00000 	311.81892 	6.46690 	5.89348 	17.42154
1400.00000 	312.10961 	6.25613 	6.43012 	17.81157
1500.00000 	312.32320 	6.02423 	6.96617 	18.16644
1600.00000 	312.54610 	5.79961 	7.50121 	18.49178
1700.00000 	312.76960 	5.57951 	8.03659 	18.78698
1800.00000 	312.95670 	5.36111 	8.57059 	19.05265
1900.00000 	313.15528 	5.15137 	9.10716 	19.29248
2000.00000 	313.33972 	4.94426 	9.64395 	19.51305
2100.00000 	313.54558 	4.74840 	10.17867 	19.70393
2200.00000 	313.74948 	4.55912 	10.71483 	19.87466
2300.00000 	313.89580 	4.35988 	11.25157 	20.02549
2400.00000 	314.00606 	4.16179 	11.78548 	20.15228
2500.00000 	314.11529 	3.96598 	12.32172 	20.25770
2600.00000 	314.23055 	3.78615 	12.85877 	20.34842
2700.00000 	314.36725 	3.61383 	13.39400 	20.41370
2800.00000 	314.50324 	3.44875 	13.93227 	20.46228
2900.00000 	314.68146 	3.29776 	14.46656 	20.49247
3000.00000 	314.88810 	3.14454 	14.99974 	20.50205
3100.00000 	315.10868 	2.96799 	15.49986 	20.50192
3200.00000 	315.33795 	2.80225 	15.99965 	20.50073
3300.00000 	315.52671 	2.67151 	16.50231 	20.50274
3400.00000 	315.73819 	2.56883 	17.00144 	20.50016
3500.00000 	315.96130 	2.47184 	17.49994 	20.50429
3600.00000 	316.15432 	2.35465 	17.99834 	20.50151
3700.00000 	316.35501 	2.24038 	18.49978 	20.50286
3800.00000 	316.57117 	2.13333 	19.00088 	20.50472
3900.00000 	316.77956 	2.02697 	19.50167 	20.50025
4000.00000 	316.98801 	1.92390 	20.00202 	20.50398
4100.00000 	317.19228 	1.82533 	20.50192 	20.50192
4200.00000 	317.42514 	1.73172 	21.00133 	20.50149
4300.00000 	317.65643 	1.64163 	21.50023 	20.50304
4400.00000 	317.88799 	1.55585 	22.00220 	20.50303
4500.00000 	318.14406 	1.47419 	22.49982 	20.50200
4600.00000 	318.41441 	1.39595 	23.00040 	20.49981
4700.00000 	318.73376 	1.32380 	23.50034 	20.50066
4800.00000 	319.04860 	1.25376 	24.00321 	20.50068
4900.00000 	319.38897 	1.18713 	24.50147 	20.50095
5000.00000 	319.72477 	1.14138 	25.00257 	20.50082
5100.00000 	320.08020 	1.10580 	25.49890 	20.50164
5200.00000 	320.43722 	1.07037 	26.00156 	20.49798
5300.00000 	320.78924 	1.03675 	26.49982 	20.50356
5400.00000 	321.16072 	1.00487 	27.00029 	20.50176
5500.00000 	321.53911 	0.97462 	27.50343 	20.50043
5600.00000 	321.93172 	0.94528 	28.00151 	20.50152
5700.00000 	322.33902 	0.91682 	28.50220 	20.50354
5800.00000 	322.74083 	0.88423 	29.00128 	20.50367
5900.00000 	323.10311 	0.85006 	29.50291 	20.50505
6000.00000 	323.51359 	0.81808 	30.00282 	20.50493
6100.00000 	323.90516 	0.78635 	30.37626 	20.50448
6200.00000 	324.29914 	0.75303 	30.75496 	20.50325
6300.00000 	324.63857 	0.71670 	31.13107 	20.50378
6400.00000 	324.97971 	0.68202 	31.50455 	20.50623
6500.00000 	325.31294 	0.64935 	31.87897 	20.50524
6600.00000 	325.69723 	0.61771 	32.25071 	20.50642
6700.00000 	325.98778 	0.58265 	32.62768 	20.50701
6800.00000 	326.31649 	0.54956 	33.00554 	20.50420
6900.00000 	326.63639 	0.51808 	33.38068 	20.50382
7000.00000 	326.97153 	0.48827 	33.75307 	20.50606
7100.00000 	327.28420 	0.46172 	34.12628 	20.50514
7200.00000 	327.56035 	0.44154 	34.50470 	20.50368
7300.00000 	327.82579 	0.42208 	34.88033 	20.50511
7400.00000 	328.13213 	0.40354 	35.25674 	20.50344
7500.00000 	328.42804 	0.38568 	35.63032 	20.50490
7600.00000 	328.73979 	0.36930 	36.00464 	20.50338
7700.00000 	328.98614 	0.35586 	36.37609 	20.50524
7800.00000 	329.20624 	0.34246 	36.75273 	20.50675
7900.00000 	329.48286 	0.32999 	37.13008 	20.50536
8000.00000 	329.77567 	0.31796 	37.50452 	20.50761
8100.00000 	330.05624 	0.30596 	37.87963 	20.50708
8200.00000 	330.26667 	0.29332 	38.25539 	20.50376
8300.00000 	330.50605 	0.28118 	38.62820 	20.50440
8400.00000 	330.76112 	0.26952 	39.00619 	20.50477
8500.00000 	331.03247 	0.25806 	39.37665 	20.50692
8600.00000 	331.32069 	0.24734 	39.75585 	20.50195
8700.00000 	331.56635 	0.23622 	40.12848 	20.50827
8800.00000 	331.73596 	0.22471 	40.50527 	20.50507
8900.00000 	331.92087 	0.21351 	40.87904 	20.50641
9000.00000 	332.10731 	0.20305 	41.25337 	20.50528
9100.00000 	332.32443 	0.19308 	41.62823 	20.50168
9200.00000 	332.59293 	0.18345 	42.00466 	20.50519
9300.00000 	332.77566 	0.17389 	42.37698 	20.50409
9400.00000 	332.97459 	0.16444 	42.75445 	20.50285
9500.00000 	333.13978 	0.15542 	43.12884 	20.50676
9600.00000 	333.37231 	0.14692 	43.50372 	20.50841
9700.00000 	333.58585 	0.13865 	43.87909 	20.50779
9800.00000 	333.85467 	0.13102 	44.25492 	20.50491
9900.00000 	334.17908 	0.12360 	44.62764 	20.50755
10000.00000 	334.70510 	0.11578 	45.00081 	20.50805
10100.00000 	335.26527 	0.10854 	45.00081 	20.50805
10200.00000 	335.87064 	0.10165 	45.00081 	20.50805
10300.00000 	336.47215 	0.09524 	45.00081 	20.50805
10400.00000 	337.08000 	0.08911 	45.00081 	20.50805
10500.00000 	337.76774 	0.08338 	45.00081 	20.50805
10600.00000 	338.48585 	0.07784 	45.00081 	20.50805
10700.00000 	339.35507 	0.07215 	45.00081 	20.50805
10800.00000 	340.26278 	0.06684 	45.00081 	20.50805
10900.00000 	341.17896 	0.06190 	45.00081 	20.50805
11000.00000 	342.11988 	0.05730 	45.00081 	20.50805
11100.00000 	343.10214 	0.05302 	45.00081 	20.50805
11200.00000 	344.09543 	0.04904 	45.00081 	20.50805
11300.00000 	345.16551 	0.04536 	45.00081 	20.50805
11400.00000 	346.57451 	0.04243 	45.00081 	20.50805
11500.00000 	348.12066 	0.03976 	45.00081 	20.50805
11600.00000 	349.67982 	0.03724 	45.00081 	20.50805
11700.00000 	351.32198 	0.03490 	45.00081 	20.50805
11800.00000 	352.95922 	0.03267 	45.00081 	20.50805
11900.00000 	354.61246 	0.03058 	45.00081 	20.50805
12000.00000 	356.29898 	0.02866 	45.00081 	20.50805
12100.00000 	358.09410 	0.02682 	45.00081 	20.50805
12200.00000 	359.76035 	0.02491 	45.00081 	20.50805
12300.00000 	361.16484 	0.02258 	45.00081 	20.50805
12400.00000 	362.67451 	0.02048 	45.00081 	20.50805
12500.00000 	364.15262 	0.01856 	45.00081 	20.50805
12600.00000 	365.64346 	0.01678 	45.00081 	20.50805
12700.00000 	367.24636 	0.01519 	45.00081 	20.50805
12800.00000 	368.80041 	0.01373 	45.00081 	20.50805
12900.00000 	370.40409 	0.01239 	45.00081 	20.50805
13000.00000 	372.09370 	0.01119 	45.00081 	20.50805
13100.00000 	373.76807 	0.01008 	45.00081 	20.50805
13200.00000 	375.16612 	0.00949 	45.00081 	20.50805
13300.00000 	375.99699 	0.00958 	45.00081 	20.50805
13400.00000 	376.92465 	0.00970 	45.00081 	20.50805
13500.00000 	377.78514 	0.00980 	45.00081 	20.50805
13600.00000 	378.76409 	0.00991 	45.00081 	20.50805
13700.00000 	379.69248 	0.01002 	45.00081 	20.50805
13800.00000 	380.64685 	0.01015 	45.00081 	20.50805
13900.00000 	381.70937 	0.01027 	45.00081 	20.50805
14000.00000 	382.70228 	0.01039 	45.00081 	20.50805
14100.00000 	383.74200 	0.01051 	43.75045 	20.50352
14200.00000 	384.89789 	0.01066 	42.50036 	20.50888
14300.00000 	386.00083 	0.01079 	41.25337 	20.50528
14400.00000 	386.95616 	0.01075 	40.00268 	20.50566
14500.00000 	387.74089 	0.01062 	38.74871 	20.50773
14600.00000 	388.62376 	0.01050 	37.50001 	20.50514
14700.00000 	389.45885 	0.01037 	36.24981 	20.50916
14800.00000 	390.30126 	0.01025 	34.99770 	20.50840
14900.00000 	391.28644 	0.01015 	33.75307 	20.50606
15000.00000 	392.18496 	0.01003 	32.50047 	20.50627
15100.00000 	393.23231 	0.00993 	31.24925 	20.51131
15200.00000 	394.19147 	0.00982 	29.99924 	20.51016
15300.00000 	395.28716 	0.00972 	28.75180 	20.50846
15400.00000 	396.33095 	0.00962 	27.49986 	20.50523
15500.00000 	397.49941 	0.00953 	26.24886 	20.50785
15600.00000 	398.61479 	0.00943 	24.99899 	20.50519
15700.00000 	400.05696 	0.00941 	23.74787 	20.50585
15800.00000 	402.89697 	0.00978 	22.50005 	20.50939
15900.00000 	405.89648 	0.01017 	21.24862 	20.50523
16000.00000 	408.82019 	0.01058 	19.99844 	20.50748
16100.00000 	412.23772 	0.01104 	19.99844 	20.50748
16200.00000 	415.69612 	0.01153 	19.99844 	20.50748
16300.00000 	419.18281 	0.01205 	19.99844 	20.50748
16400.00000 	422.69741 	0.01258 	19.99844 	20.50748
16500.00000 	426.25347 	0.01314 	19.99844 	20.50748
16600.00000 	429.83723 	0.01372 	19.99844 	20.50748
16700.00000 	433.46293 	0.01433 	19.99844 	20.50748
16800.00000 	437.11599 	0.01497 	19.99844 	20.50748
16900.00000 	440.81137 	0.01563 	19.99844 	20.50748
17000.00000 	444.54964 	0.01633 	19.99844 	20.50748
17100.00000 	448.31484 	0.01706 	19.99844 	20.50748
17200.00000 	452.12311 	0.01782 	19.99844 	20.50748
17300.00000 	455.95750 	0.01861 	19.99844 	20.50748
17400.00000 	459.83497 	0.01944 	19.99844 	20.50748
17500.00000 	463.75596 	0.02031 	19.99844 	20.50748
17600.00000 	467.72089 	0.02122 	19.99844 	20.50748
17700.00000 	471.73015 	0.02217 	19.99844 	20.50748
17800.00000 	475.76401 	0.02316 	19.99844 	20.50748
17900.00000 	479.84176 	0.02420 	19.99844 	20.50748
18000.00000 	483.96367 	0.02529 	19.99844 	20.50748
18100.00000 	488.12998 	0.02642 	19.99844 	20.50748
18200.00000 	492.34088 	0.02761 	19.99844 	20.50748
18300.00000 	496.57333 	0.02885 	19.99844 	20.50748
18400.00000 	500.87317 	0.03015 	19.99844 	20.50748
18500.00000 	505.21791 	0.03151 	19.99844 	20.50748
18600.00000 	509.60757 	0.03293 	19.99844 	20.50748
18700.00000 	514.01604 	0.03441 	19.99844 	20.50748
18800.00000 	518.49457 	0.03596 	19.99844 	20.50748
18900.00000 	523.01767 	0.03759 	19.99844 	20.50748
19000.00000 	527.58508 	0.03929 	19.99844 	20.50748
19100.00000 	532.19648 	0.04107 	19.99844 	20.50748
19200.00000 	536.88165 	0.04293 	19.99844 	20.50748
19300.00000 	541.58060 	0.04488 	19.99844 	20.50748
19400.00000 	546.35409 	0.04692 	19.99844 	20.50748
19500.00000 	551.17130 	0.04905 	19.99844 	20.50748
19600.00000 	556.06552 	0.05129 	19.99844 	20.50748
19700.00000 	560.96886 	0.05362 	19.99844 	20.50748
19800.00000 	565.94952 	0.05607 	19.99844 	20.50748
19900.00000 	570.97244 	0.05863 	19.99844 	20.50748
20000.00000 	576.07486 	0.06131 	19.99844 	20.50748
