996.40000 	300.86001 	16.25968
0.00000 	300.85985 	16.25968 	-0.00000 	0.00000
100.00000 	300.86903 	14.50243 	-0.00000 	2.75228
200.00000 	301.24011 	15.03784 	-0.00000 	5.49941
300.00000 	301.53297 	15.55095 	0.53615 	9.47119
400.00000 	301.68353 	15.83562 	1.07133 	11.06540
500.00000 	301.71193 	15.92886 	1.60716 	12.25718
600.00000 	301.82103 	15.75511 	2.14179 	13.22381
700.00000 	302.07302 	15.47172 	2.67836 	14.05376
800.00000 	302.45894 	15.10350 	3.21428 	14.77917
900.00000 	303.02128 	14.64632 	3.75069 	15.42104
1000.00000 	303.25495 	13.94158 	4.28603 	15.99570
1100.00000 	303.50888 	12.58195 	4.82111 	16.51902
1200.00000 	303.94047 	10.36744 	5.35714 	16.99067
1300.00000 	304.33112 	8.88257 	5.89348 	17.42154
1400.00000 	304.71251 	7.91417 	6.43012 	17.81157
1500.00000 	305.10495 	7.43268 	6.96617 	18.16644
1600.00000 	305.38215 	7.29825 	7.50121 	18.49178
1700.00000 	305.59580 	7.27752 	8.03659 	18.78698
1800.00000 	305.73453 	7.39077 	8.57059 	19.05265
1900.00000 	305.93602 	7.72507 	9.10716 	19.29248
2000.00000 	306.20120 	8.05242 	9.64395 	19.51305
2100.00000 	306.57287 	8.21818 	10.17867 	19.70393
2200.00000 	306.81600 	8.26633 	10.71483 	19.87466
2300.00000 	307.00371 	8.24996 	11.25157 	20.02549
2400.00000 	307.33174 	8.12558 	11.78548 	20.15228
2500.00000 	307.71381 	8.06477 	12.32172 	20.25770
2600.00000 	308.18309 	8.10062 	12.85877 	20.34842
2700.00000 	308.60891 	8.00010 	13.39400 	20.41370
2800.00000 	309.03595 	7.84581 	13.93227 	20.46228
2900.00000 	309.34028 	7.50904 	14.46656 	20.49247
3000.00000 	309.64496 	7.18566 	14.99974 	20.50205
3100.00000 	309.95796 	6.86331 	15.49986 	20.50192
3200.00000 	310.28248 	6.41355 	15.99965 	20.50073
3300.00000 	310.63004 	5.88218 	16.50231 	20.50274
3400.00000 	310.90717 	5.64491 	17.00144 	20.50016
3500.00000 	311.18459 	5.48494 	17.49994 	20.50429
3600.00000 	311.57085 	5.31206 	17.99834 	20.50151
3700.00000 	312.02365 	5.13982 	18.49978 	20.50286
3800.00000 	312.49193 	4.97002 	19.00088 	20.50472
3900.00000 	312.95948 	4.80846 	19.50167 	20.50025
4000.00000 	313.49192 	4.66098 	20.00202 	20.50398
4100.00000 	314.07257 	4.52132 	20.50192 	20.50192
4200.00000 	314.65270 	4.38837 	21.00133 	20.50149
4300.00000 	315.24721 	4.25603 	21.50023 	20.50304
4400.00000 	315.84915 	4.13254 	22.00220 	20.50303
4500.00000 	316.45010 	4.01498 	22.49982 	20.50200
4600.00000 	317.08130 	3.89842 	23.00040 	20.49981
4700.00000 	317.64469 	3.80083 	23.50034 	20.50066
4800.00000 	318.21049 	3.71440 	24.00321 	20.50068
4900.00000 	318.79085 	3.62726 	24.50147 	20.50095
5000.00000 	319.35764 	3.54719 	25.00257 	20.50082
5100.00000 	319.72656 	3.48139 	25.49890 	20.50164
5200.00000 	320.09139 	3.41907 	26.00156 	20.49798
5300.00000 	320.49860 	3.35875 	26.49982 	20.50356
5400.00000 	320.90773 	3.29975 	27.00029 	20.50176
5500.00000 	321.31329 	3.24141 	27.50343 	20.50043
5600.00000 	321.66651 	3.02660 	28.00151 	20.50152
5700.00000 	322.01442 	2.78801 	28.50220 	20.50354
5800.00000 	322.36307 	2.56651 	29.00128 	20.50367
5900.00000 	322.71839 	2.36050 	29.50291 	20.50505
6000.00000 	323.09383 	2.16996 	30.00282 	20.50493
6100.00000 	323.49580 	1.99341 	30.37626 	20.50448
6200.00000 	323.90006 	1.82992 	30.75496 	20.50325
6300.00000 	324.31943 	1.67862 	31.13107 	20.50378
6400.00000 	324.74657 	1.53574 	31.50455 	20.50623
6500.00000 	325.13193 	1.37977 	31.87897 	20.50524
6600.00000 	325.53117 	1.23821 	32.25071 	20.50642
6700.00000 	325.92353 	1.10865 	32.62768 	20.50701
6800.00000 	326.35158 	0.99256 	33.00554 	20.50420
6900.00000 	326.78217 	0.88674 	33.38068 	20.50382
7000.00000 	327.24123 	0.79195 	33.75307 	20.50606
7100.00000 	327.69409 	0.70623 	34.12628 	20.50514
7200.00000 	328.10453 	0.67498 	34.50470 	20.50368
7300.00000 	328.48112 	0.67512 	34.88033 	20.50511
7400.00000 	328.84905 	0.67520 	35.25674 	20.50344
7500.00000 	329.24466 	0.67538 	35.63032 	20.50490
7600.00000 	329.64241 	0.67568 	36.00464 	20.50338
7700.00000 	330.09353 	0.67627 	36.37609 	20.50524
7800.00000 	330.52352 	0.67680 	36.75273 	20.50675
7900.00000 	330.94492 	0.67601 	37.13008 	20.50536
8000.00000 	331.29240 	0.67161 	37.50452 	20.50761
8100.00000 	331.65455 	0.66797 	37.87963 	20.50708
8200.00000 	332.07173 	0.66400 	38.25539 	20.50376
8300.00000 	332.46515 	0.65998 	38.62820 	20.50440
8400.00000 	332.87479 	0.65670 	39.00619 	20.50477
8500.00000 	333.30122 	0.65293 	39.37665 	20.50692
8600.00000 	333.74501 	0.64930 	39.75585 	20.50195
8700.00000 	334.06635 	0.62880 	40.12848 	20.50827
8800.00000 	334.36048 	0.60296 	40.50527 	20.50507
8900.00000 	334.66967 	0.57813 	40.87904 	20.50641
9000.00000 	334.99445 	0.55428 	41.25337 	20.50528
9100.00000 	335.30507 	0.53121 	41.62823 	20.50168
9200.00000 	335.66221 	0.50921 	42.00466 	20.50519
9300.00000 	336.03664 	0.48810 	42.37698 	20.50409
9400.00000 	336.42898 	0.46783 	42.75445 	20.50285
9500.00000 	336.83991 	0.44792 	43.12884 	20.50676
9600.00000 	336.91756 	0.41741 	43.50372 	20.50841
9700.00000 	336.99369 	0.38802 	43.87909 	20.50779
9800.00000 	337.08285 	0.36053 	44.25492 	20.50491
9900.00000 	337.19984 	0.33518 	44.62764 	20.50755
10000.00000 	337.31650 	0.31116 	45.00081 	20.50805
10100.00000 	337.46208 	0.28902 	45.00081 	20.50805
10200.00000 	337.60825 	0.26805 	45.00081 	20.50805
10300.00000 	337.78454 	0.24875 	45.00081 	20.50805
10400.00000 	337.96242 	0.23049 	45.00081 	20.50805
10500.00000 	338.17173 	0.21370 	45.00081 	20.50805
10600.00000 	338.38375 	0.19782 	45.00081 	20.50805
10700.00000 	338.62865 	0.18304 	45.00081 	20.50805
10800.00000 	338.87752 	0.16947 	45.00081 	20.50805
10900.00000 	339.16084 	0.15666 	45.00081 	20.50805
11000.00000 	339.44954 	0.14491 	45.00081 	20.50805
11100.00000 	339.77446 	0.13383 	45.00081 	20.50805
11200.00000 	340.00743 	0.12343 	45.00081 	20.50805
11300.00000 	340.07499 	0.11358 	45.00081 	20.50805
11400.00000 	340.12984 	0.10430 	45.00081 	20.50805
11500.00000 	340.18378 	0.09571 	45.00081 	20.50805
11600.00000 	340.25258 	0.08788 	45.00081 	20.50805
11700.00000 	340.33681 	0.08055 	45.00081 	20.50805
11800.00000 	340.43705 	0.07379 	45.00081 	20.50805
11900.00000 	340.55393 	0.06763 	45.00081 	20.50805
12000.00000 	340.68808 	0.06188 	45.00081 	20.50805
12100.00000 	340.84020 	0.05658 	45.00081 	20.50805
12200.00000 	341.01101 	0.05177 	45.00081 	20.50805
12300.00000 	341.25079 	0.04730 	45.00081 	20.50805
12400.00000 	341.46215 	0.04317 	45.00081 	20.50805
12500.00000 	341.69465 	0.03937 	45.00081 	20.50805
12600.00000 	341.96533 	0.03594 	45.00081 	20.50805
12700.00000 	342.24295 	0.03274 	45.00081 	20.50805
12800.00000 	342.54457 	0.02980 	45.00081 	20.50805
12900.00000 	342.87126 	0.02715 	45.00081 	20.50805
13000.00000 	343.25323 	0.02458 	45.00081 	20.50805
13100.00000 	343.70033 	0.02222 	45.00081 	20.50805
13200.00000 	344.17031 	0.02008 	45.00081 	20.50805
13300.00000 	344.60492 	0.01809 	45.00081 	20.50805
13400.00000 	345.13920 	0.01631 	45.00081 	20.50805
13500.00000 	345.68262 	0.01470 	45.00081 	20.50805
13600.00000 	346.78324 	0.01410 	45.00081 	20.50805
13700.00000 	348.25991 	0.01412 	45.00081 	20.50805
13800.00000 	350.43767 	0.01414 	45.00081 	20.50805
13900.00000 	353.20902 	0.01416 	45.00081 	20.50805
14000.00000 	356.25127 	0.01419 	45.00081 	20.50805
14100.00000 	359.48150 	0.01420 	43.75045 	20.50352
14200.00000 	362.81466 	0.01422 	42.50036 	20.50888
14300.00000 	365.95143 	0.01691 	41.25337 	20.50528
14400.00000 	368.74495 	0.01856 	40.00268 	20.50566
14500.00000 	371.66086 	0.02039 	38.74871 	20.50773
14600.00000 	373.43758 	0.02088 	37.50001 	20.50514
14700.00000 	375.08853 	0.02118 	36.24981 	20.50916
14800.00000 	376.79190 	0.02150 	34.99770 	20.50840
14900.00000 	378.53123 	0.02182 	33.75307 	20.50606
15000.00000 	380.20347 	0.02211 	32.50047 	20.50627
15100.00000 	382.01692 	0.02245 	31.24925 	20.51131
15200.00000 	383.87057 	0.02281 	29.99924 	20.51016
15300.00000 	385.69228 	0.02319 	28.75180 	20.50846
15400.00000 	387.42085 	0.02364 	27.49986 	20.50523
15500.00000 	389.16458 	0.02407 	26.24886 	20.50785
15600.00000 	391.04079 	0.02451 	24.99899 	20.50519
15700.00000 	392.87587 	0.02500 	23.74787 	20.50585
15800.00000 	394.72973 	0.02547 	22.50005 	20.50939
15900.00000 	396.74542 	0.02599 	21.24862 	20.50523
16000.00000 	398.68064 	0.02650 	19.99844 	20.50748
16100.00000 	400.79946 	0.02706 	19.99844 	20.50748
16200.00000 	402.93495 	0.02763 	19.99844 	20.50748
16300.00000 	405.09827 	0.02818 	19.99844 	20.50748
16400.00000 	407.27823 	0.02879 	19.99844 	20.50748
16500.00000 	409.46251 	0.02940 	19.99844 	20.50748
16600.00000 	411.68673 	0.03003 	19.99844 	20.50748
16700.00000 	413.91450 	0.03064 	19.99844 	20.50748
16800.00000 	416.17024 	0.03130 	19.99844 	20.50748
16900.00000 	418.45442 	0.03198 	19.99844 	20.50748
17000.00000 	420.74040 	0.03267 	19.99844 	20.50748
17100.00000 	423.05438 	0.03339 	19.99844 	20.50748
17200.00000 	425.39674 	0.03407 	19.99844 	20.50748
17300.00000 	427.75331 	0.03482 	19.99844 	20.50748
17400.00000 	430.13831 	0.03559 	19.99844 	20.50748
17500.00000 	432.53679 	0.03637 	19.99844 	20.50748
17600.00000 	434.96364 	0.03713 	19.99844 	20.50748
17700.00000 	437.40308 	0.03795 	19.99844 	20.50748
17800.00000 	439.87067 	0.03880 	19.99844 	20.50748
17900.00000 	442.36665 	0.03967 	19.99844 	20.50748
18000.00000 	444.89126 	0.04051 	19.99844 	20.50748
18100.00000 	447.42694 	0.04142 	19.99844 	20.50748
18200.00000 	449.99076 	0.04235 	19.99844 	20.50748
18300.00000 	452.58285 	0.04332 	19.99844 	20.50748
18400.00000 	455.18415 	0.04424 	19.99844 	20.50748
18500.00000 	457.83263 	0.04525 	19.99844 	20.50748
18600.00000 	460.48944 	0.04629 	19.99844 	20.50748
18700.00000 	463.17376 	0.04735 	19.99844 	20.50748
18800.00000 	465.88556 	0.04838 	19.99844 	20.50748
18900.00000 	468.62475 	0.04950 	19.99844 	20.50748
19000.00000 	471.39120 	0.05065 	19.99844 	20.50748
19100.00000 	474.18475 	0.05183 	19.99844 	20.50748
19200.00000 	477.00519 	0.05297 	19.99844 	20.50748
19300.00000 	479.85225 	0.05421 	19.99844 	20.50748
19400.00000 	482.72561 	0.05548 	19.99844 	20.50748
19500.00000 	485.62488 	0.05679 	19.99844 	20.50748
19600.00000 	488.57592 	0.05807 	19.99844 	20.50748
19700.00000 	491.52635 	0.05945 	19.99844 	20.50748
19800.00000 	494.52892 	0.06087 	19.99844 	20.50748
19900.00000 	497.55674 	0.06233 	19.99844 	20.50748
20000.00000 	500.60913 	0.06374 	19.99844 	20.50748
