984.40000 	300.77882 	14.55224
0.00000 	300.77815 	14.55224 	-0.00000 	0.00000
100.00000 	301.00850 	13.94793 	-0.00000 	2.75228
200.00000 	301.10917 	13.69178 	-0.00000 	5.49941
300.00000 	301.22854 	13.60939 	0.53615 	9.47119
400.00000 	301.41887 	13.57186 	1.07133 	11.06540
500.00000 	301.77268 	13.53449 	1.60716 	12.25718
600.00000 	302.19931 	13.47949 	2.14179 	13.22381
700.00000 	302.67885 	13.41584 	2.67836 	14.05376
800.00000 	303.11896 	13.33479 	3.21428 	14.77917
900.00000 	303.46744 	13.28042 	3.75069 	15.42104
1000.00000 	303.58788 	13.21899 	4.28603 	15.99570
1100.00000 	303.70809 	13.04317 	4.82111 	16.51902
1200.00000 	303.88978 	12.63282 	5.35714 	16.99067
1300.00000 	303.97672 	11.86998 	5.89348 	17.42154
1400.00000 	304.05217 	11.17662 	6.43012 	17.81157
1500.00000 	304.27385 	10.59914 	6.96617 	18.16644
1600.00000 	304.32569 	10.10971 	7.50121 	18.49178
1700.00000 	304.41826 	9.69175 	8.03659 	18.78698
1800.00000 	304.50962 	9.28458 	8.57059 	19.05265
1900.00000 	304.77009 	8.83456 	9.10716 	19.29248
2000.00000 	305.09506 	8.42324 	9.64395 	19.51305
2100.00000 	305.39794 	8.07824 	10.17867 	19.70393
2200.00000 	305.79758 	7.73989 	10.71483 	19.87466
2300.00000 	306.15467 	7.47790 	11.25157 	20.02549
2400.00000 	306.51162 	7.21824 	11.78548 	20.15228
2500.00000 	306.80178 	6.92554 	12.32172 	20.25770
2600.00000 	306.96163 	6.71187 	12.85877 	20.34842
2700.00000 	307.26150 	6.48873 	13.39400 	20.41370
2800.00000 	307.60443 	6.27177 	13.93227 	20.46228
2900.00000 	307.91472 	6.02661 	14.46656 	20.49247
3000.00000 	308.29063 	5.79802 	14.99974 	20.50205
3100.00000 	308.54319 	5.65913 	15.49986 	20.50192
3200.00000 	308.84063 	5.51963 	15.99965 	20.50073
3300.00000 	309.16840 	5.33854 	16.50231 	20.50274
3400.00000 	309.53058 	5.14786 	17.00144 	20.50016
3500.00000 	309.85763 	4.93336 	17.49994 	20.50429
3600.00000 	310.23980 	4.72998 	17.99834 	20.50151
3700.00000 	310.51808 	4.55422 	18.49978 	20.50286
3800.00000 	310.84522 	4.38532 	19.00088 	20.50472
3900.00000 	311.09905 	4.19859 	19.50167 	20.50025
4000.00000 	311.40782 	4.04014 	20.00202 	20.50398
4100.00000 	311.63654 	3.90527 	20.50192 	20.50192
4200.00000 	312.03625 	3.75669 	21.00133 	20.50149
4300.00000 	312.37594 	3.62966 	21.50023 	20.50304
4400.00000 	312.75984 	3.48982 	22.00220 	20.50303
4500.00000 	313.12563 	3.35565 	22.49982 	20.50200
4600.00000 	313.44593 	3.23988 	23.00040 	20.49981
4700.00000 	313.87338 	3.10335 	23.50034 	20.50066
4800.00000 	314.30279 	2.97928 	24.00321 	20.50068
4900.00000 	314.72526 	2.87711 	24.50147 	20.50095
5000.00000 	315.20442 	2.78671 	25.00257 	20.50082
5100.00000 	315.75762 	2.69691 	25.49890 	20.50164
5200.00000 	316.33787 	2.59733 	26.00156 	20.49798
5300.00000 	316.87460 	2.50638 	26.49982 	20.50356
5400.00000 	317.43267 	2.40426 	27.00029 	20.50176
5500.00000 	317.87197 	2.30416 	27.50343 	20.50043
5600.00000 	318.26468 	2.20615 	28.00151 	20.50152
5700.00000 	318.53679 	2.11294 	28.50220 	20.50354
5800.00000 	318.82198 	2.01167 	29.00128 	20.50367
5900.00000 	319.11401 	1.91450 	29.50291 	20.50505
6000.00000 	319.43195 	1.81096 	30.00282 	20.50493
6100.00000 	319.73192 	1.71222 	30.37626 	20.50448
6200.00000 	319.97596 	1.63751 	30.75496 	20.50325
6300.00000 	320.15819 	1.56318 	31.13107 	20.50378
6400.00000 	320.49203 	1.49200 	31.50455 	20.50623
6500.00000 	320.86231 	1.42075 	31.87897 	20.50524
6600.00000 	321.23876 	1.35589 	32.25071 	20.50642
6700.00000 	321.65107 	1.29637 	32.62768 	20.50701
6800.00000 	322.05732 	1.24229 	33.00554 	20.50420
6900.00000 	322.51202 	1.19295 	33.38068 	20.50382
7000.00000 	322.96914 	1.14241 	33.75307 	20.50606
7100.00000 	323.44195 	1.09880 	34.12628 	20.50514
7200.00000 	323.94395 	1.04734 	34.50470 	20.50368
7300.00000 	324.41342 	0.99970 	34.88033 	20.50511
7400.00000 	324.86503 	0.94842 	35.25674 	20.50344
7500.00000 	325.31923 	0.89794 	35.63032 	20.50490
7600.00000 	325.78957 	0.84528 	36.00464 	20.50338
7700.00000 	326.27659 	0.79547 	36.37609 	20.50524
7800.00000 	326.63749 	0.75076 	36.75273 	20.50675
7900.00000 	326.97502 	0.70885 	37.13008 	20.50536
8000.00000 	327.32775 	0.66847 	37.50452 	20.50761
8100.00000 	327.70911 	0.63100 	37.87963 	20.50708
8200.00000 	328.09417 	0.59474 	38.25539 	20.50376
8300.00000 	328.38755 	0.56117 	38.62820 	20.50440
8400.00000 	328.68266 	0.52884 	39.00619 	20.50477
8500.00000 	328.97920 	0.49809 	39.37665 	20.50692
8600.00000 	329.30600 	0.46960 	39.75585 	20.50195
8700.00000 	329.63461 	0.44206 	40.12848 	20.50827
8800.00000 	329.88152 	0.41548 	40.50527 	20.50507
8900.00000 	330.10066 	0.39025 	40.87904 	20.50641
9000.00000 	330.32125 	0.36644 	41.25337 	20.50528
9100.00000 	330.57165 	0.34399 	41.62823 	20.50168
9200.00000 	330.79342 	0.32270 	42.00466 	20.50519
9300.00000 	331.06281 	0.30274 	42.37698 	20.50409
9400.00000 	331.23947 	0.28276 	42.75445 	20.50285
9500.00000 	331.41707 	0.26427 	43.12884 	20.50676
9600.00000 	331.62456 	0.24665 	43.50372 	20.50841
9700.00000 	331.86757 	0.23044 	43.87909 	20.50779
9800.00000 	332.09435 	0.21514 	44.25492 	20.50491
9900.00000 	332.31845 	0.20029 	44.62764 	20.50755
10000.00000 	332.49546 	0.18591 	45.00081 	20.50805
10100.00000 	332.66781 	0.17224 	45.00081 	20.50805
10200.00000 	332.85622 	0.15950 	45.00081 	20.50805
10300.00000 	333.09810 	0.14769 	45.00081 	20.50805
10400.00000 	333.32107 	0.13664 	45.00081 	20.50805
10500.00000 	333.56203 	0.12635 	45.00081 	20.50805
10600.00000 	333.74445 	0.11669 	45.00081 	20.50805
10700.00000 	333.95875 	0.10735 	45.00081 	20.50805
10800.00000 	334.13588 	0.09877 	45.00081 	20.50805
10900.00000 	334.38557 	0.09086 	45.00081 	20.50805
11000.00000 	334.59803 	0.08351 	45.00081 	20.50805
11100.00000 	334.82884 	0.07671 	45.00081 	20.50805
11200.00000 	335.13656 	0.07045 	45.00081 	20.50805
11300.00000 	335.50807 	0.06572 	45.00081 	20.50805
11400.00000 	335.95736 	0.06132 	45.00081 	20.50805
11500.00000 	336.38266 	0.05716 	45.00081 	20.50805
11600.00000 	336.87338 	0.05329 	45.00081 	20.50805
11700.00000 	337.34019 	0.04970 	45.00081 	20.50805
11800.00000 	337.87565 	0.04631 	45.00081 	20.50805
11900.00000 	338.38733 	0.04312 	45.00081 	20.50805
12000.00000 	339.07994 	0.04081 	45.00081 	20.50805
12100.00000 	339.90491 	0.03917 	45.00081 	20.50805
12200.00000 	340.75355 	0.03760 	45.00081 	20.50805
12300.00000 	341.62676 	0.03609 	45.00081 	20.50805
12400.00000 	342.54161 	0.03464 	45.00081 	20.50805
12500.00000 	343.69411 	0.03393 	45.00081 	20.50805
12600.00000 	344.89258 	0.03320 	45.00081 	20.50805
12700.00000 	346.54810 	0.03376 	45.00081 	20.50805
12800.00000 	348.23999 	0.03434 	45.00081 	20.50805
12900.00000 	349.73683 	0.03486 	45.00081 	20.50805
13000.00000 	351.26307 	0.03540 	45.00081 	20.50805
13100.00000 	352.88024 	0.03597 	45.00081 	20.50805
13200.00000 	354.46968 	0.03654 	45.00081 	20.50805
13300.00000 	356.09186 	0.03713 	45.00081 	20.50805
13400.00000 	357.74798 	0.03774 	45.00081 	20.50805
13500.00000 	359.43934 	0.03837 	45.00081 	20.50805
13600.00000 	361.23451 	0.03904 	45.00081 	20.50805
13700.00000 	363.00197 	0.03971 	45.00081 	20.50805
13800.00000 	364.59845 	0.04033 	45.00081 	20.50805
13900.00000 	366.15553 	0.04093 	45.00081 	20.50805
14000.00000 	367.74299 	0.04156 	45.00081 	20.50805
14100.00000 	369.36190 	0.04220 	43.75045 	20.50352
14200.00000 	371.01338 	0.04287 	42.50036 	20.50888
14300.00000 	372.69862 	0.04355 	41.25337 	20.50528
14400.00000 	374.33989 	0.04423 	40.00268 	20.50566
14500.00000 	376.09477 	0.04496 	38.74871 	20.50773
14600.00000 	377.88729 	0.04571 	37.50001 	20.50514
14700.00000 	379.71890 	0.04649 	36.24981 	20.50916
14800.00000 	381.59116 	0.04730 	34.99770 	20.50840
14900.00000 	383.41772 	0.04810 	33.75307 	20.50606
15000.00000 	385.01514 	0.04880 	32.50047 	20.50627
15100.00000 	386.64294 	0.04953 	31.24925 	20.51131
15200.00000 	388.39531 	0.05032 	29.99924 	20.51016
15300.00000 	390.08892 	0.05109 	28.75180 	20.50846
15400.00000 	391.81629 	0.05189 	27.49986 	20.50523
15500.00000 	393.57861 	0.05271 	26.24886 	20.50785
15600.00000 	395.47819 	0.05360 	24.99899 	20.50519
15700.00000 	397.31647 	0.05448 	23.74787 	20.50585
15800.00000 	399.19384 	0.05539 	22.50005 	20.50939
15900.00000 	401.11180 	0.05633 	21.24862 	20.50523
16000.00000 	403.07194 	0.05729 	19.99844 	20.50748
16100.00000 	405.18859 	0.05835 	19.99844 	20.50748
16200.00000 	407.32156 	0.05944 	19.99844 	20.50748
16300.00000 	409.47055 	0.06054 	19.99844 	20.50748
16400.00000 	411.63520 	0.06167 	19.99844 	20.50748
16500.00000 	413.82753 	0.06283 	19.99844 	20.50748
16600.00000 	416.03531 	0.06401 	19.99844 	20.50748
16700.00000 	418.25807 	0.06521 	19.99844 	20.50748
16800.00000 	420.50866 	0.06645 	19.99844 	20.50748
16900.00000 	422.77383 	0.06771 	19.99844 	20.50748
17000.00000 	425.06700 	0.06901 	19.99844 	20.50748
17100.00000 	427.37423 	0.07033 	19.99844 	20.50748
17200.00000 	429.70953 	0.07168 	19.99844 	20.50748
17300.00000 	432.05822 	0.07306 	19.99844 	20.50748
17400.00000 	434.43496 	0.07448 	19.99844 	20.50748
17500.00000 	436.82424 	0.07592 	19.99844 	20.50748
17600.00000 	439.24140 	0.07740 	19.99844 	20.50748
17700.00000 	441.68669 	0.07892 	19.99844 	20.50748
17800.00000 	444.14333 	0.08047 	19.99844 	20.50748
17900.00000 	446.62774 	0.08205 	19.99844 	20.50748
18000.00000 	449.14009 	0.08368 	19.99844 	20.50748
18100.00000 	451.68055 	0.08535 	19.99844 	20.50748
18200.00000 	454.23041 	0.08705 	19.99844 	20.50748
18300.00000 	456.80769 	0.08879 	19.99844 	20.50748
18400.00000 	459.41241 	0.09057 	19.99844 	20.50748
18500.00000 	462.04463 	0.09240 	19.99844 	20.50748
18600.00000 	464.70431 	0.09428 	19.99844 	20.50748
18700.00000 	467.37000 	0.09619 	19.99844 	20.50748
18800.00000 	470.08392 	0.09816 	19.99844 	20.50748
18900.00000 	472.82505 	0.10017 	19.99844 	20.50748
19000.00000 	475.57006 	0.10222 	19.99844 	20.50748
19100.00000 	478.36448 	0.10434 	19.99844 	20.50748
19200.00000 	481.16104 	0.10649 	19.99844 	20.50748
19300.00000 	484.00762 	0.10872 	19.99844 	20.50748
19400.00000 	486.88005 	0.11099 	19.99844 	20.50748
19500.00000 	489.77789 	0.11332 	19.99844 	20.50748
19600.00000 	492.70063 	0.11571 	19.99844 	20.50748
19700.00000 	495.64769 	0.11815 	19.99844 	20.50748
19800.00000 	498.64709 	0.12067 	19.99844 	20.50748
19900.00000 	501.67097 	0.12325 	19.99844 	20.50748
20000.00000 	504.71857 	0.12589 	19.99844 	20.50748
