946.90000 	305.66035 	15.94886
0.00000 	305.65798 	15.94886 	-0.00000 	0.00000
100.00000 	305.86827 	15.68056 	-0.00000 	2.75228
200.00000 	306.41585 	15.21652 	-0.00000 	5.49941
300.00000 	306.71934 	15.22410 	0.53615 	9.47119
400.00000 	307.04380 	14.99488 	1.07133 	11.06540
500.00000 	307.45078 	14.53947 	1.60716 	12.25718
600.00000 	307.90068 	14.06635 	2.14179 	13.22381
700.00000 	308.20621 	14.09087 	2.67836 	14.05376
800.00000 	308.32394 	14.23877 	3.21428 	14.77917
900.00000 	308.33615 	14.39627 	3.75069 	15.42104
1000.00000 	308.35673 	14.40454 	4.28603 	15.99570
1100.00000 	308.38592 	14.79876 	4.82111 	16.51902
1200.00000 	308.38146 	15.34478 	5.35714 	16.99067
1300.00000 	308.39611 	15.85000 	5.89348 	17.42154
1400.00000 	308.49343 	15.22525 	6.43012 	17.81157
1500.00000 	308.68533 	14.70141 	6.96617 	18.16644
1600.00000 	309.26146 	13.98625 	7.50121 	18.49178
1700.00000 	310.81628 	12.64760 	8.03659 	18.78698
1800.00000 	311.23587 	12.16664 	8.57059 	19.05265
1900.00000 	311.36424 	11.81465 	9.10716 	19.29248
2000.00000 	311.40477 	11.34040 	9.64395 	19.51305
2100.00000 	311.74643 	9.73883 	10.17867 	19.70393
2200.00000 	312.16490 	7.13167 	10.71483 	19.87466
2300.00000 	312.59408 	5.22128 	11.25157 	20.02549
2400.00000 	313.02294 	4.73456 	11.78548 	20.15228
2500.00000 	313.44030 	4.60687 	12.32172 	20.25770
2600.00000 	313.82548 	4.46925 	12.85877 	20.34842
2700.00000 	314.26538 	4.35127 	13.39400 	20.41370
2800.00000 	314.71584 	4.23899 	13.93227 	20.46228
2900.00000 	314.91947 	4.06710 	14.46656 	20.49247
3000.00000 	315.04195 	3.77551 	14.99974 	20.50205
3100.00000 	315.05087 	3.26555 	15.49986 	20.50192
3200.00000 	315.31579 	2.67739 	15.99965 	20.50073
3300.00000 	315.66908 	2.24649 	16.50231 	20.50274
3400.00000 	315.71583 	2.24730 	17.00144 	20.50016
3500.00000 	315.74416 	2.20827 	17.49994 	20.50429
3600.00000 	315.75950 	2.09415 	17.99834 	20.50151
3700.00000 	315.78493 	1.98382 	18.49978 	20.50286
3800.00000 	315.83712 	1.86285 	19.00088 	20.50472
3900.00000 	316.06638 	1.69527 	19.50167 	20.50025
4000.00000 	316.31854 	1.54008 	20.00202 	20.50398
4100.00000 	316.57075 	1.39779 	20.50192 	20.50192
4200.00000 	316.81922 	1.26722 	21.00133 	20.50149
4300.00000 	317.10734 	1.14793 	21.50023 	20.50304
4400.00000 	317.39650 	1.03977 	22.00220 	20.50303
4500.00000 	317.69885 	0.94004 	22.49982 	20.50200
4600.00000 	318.00056 	0.85235 	23.00040 	20.49981
4700.00000 	318.30533 	0.77529 	23.50034 	20.50066
4800.00000 	318.62265 	0.70521 	24.00321 	20.50068
4900.00000 	318.95292 	0.64091 	24.50147 	20.50095
5000.00000 	319.29655 	0.58195 	25.00257 	20.50082
5100.00000 	319.65398 	0.52745 	25.49890 	20.50164
5200.00000 	319.92876 	0.49901 	26.00156 	20.49798
5300.00000 	320.05815 	0.49767 	26.49982 	20.50356
5400.00000 	320.22933 	0.49696 	27.00029 	20.50176
5500.00000 	320.40018 	0.49586 	27.50343 	20.50043
5600.00000 	320.58327 	0.49530 	28.00151 	20.50152
5700.00000 	320.77208 	0.49424 	28.50220 	20.50354
5800.00000 	320.98067 	0.49337 	29.00128 	20.50367
5900.00000 	321.21525 	0.49304 	29.50291 	20.50505
6000.00000 	321.43123 	0.49222 	30.00282 	20.50493
6100.00000 	321.69409 	0.49160 	30.37626 	20.50448
6200.00000 	321.92239 	0.48608 	30.75496 	20.50325
6300.00000 	322.11841 	0.47205 	31.13107 	20.50378
6400.00000 	322.32666 	0.45843 	31.50455 	20.50623
6500.00000 	322.54754 	0.44564 	31.87897 	20.50524
6600.00000 	322.79426 	0.43279 	32.25071 	20.50642
6700.00000 	323.06392 	0.42043 	32.62768 	20.50701
6800.00000 	323.32563 	0.40833 	33.00554 	20.50420
6900.00000 	323.60176 	0.39659 	33.38068 	20.50382
7000.00000 	323.89281 	0.38558 	33.75307 	20.50606
7100.00000 	324.19931 	0.37453 	34.12628 	20.50514
7200.00000 	324.53492 	0.36380 	34.50470 	20.50368
7300.00000 	324.87404 	0.35340 	34.88033 	20.50511
7400.00000 	325.01621 	0.34140 	35.25674 	20.50344
7500.00000 	325.13294 	0.32939 	35.63032 	20.50490
7600.00000 	325.23679 	0.31770 	36.00464 	20.50338
7700.00000 	325.36512 	0.30619 	36.37609 	20.50524
7800.00000 	325.49403 	0.29530 	36.75273 	20.50675
7900.00000 	325.66235 	0.28488 	37.13008 	20.50536
8000.00000 	325.84491 	0.27453 	37.50452 	20.50761
8100.00000 	326.01504 	0.26475 	37.87963 	20.50708
8200.00000 	326.21359 	0.25539 	38.25539 	20.50376
8300.00000 	326.41353 	0.24603 	38.62820 	20.50440
8400.00000 	326.65744 	0.23733 	39.00619 	20.50477
8500.00000 	326.88949 	0.22887 	39.37665 	20.50692
8600.00000 	327.16761 	0.22054 	39.75585 	20.50195
8700.00000 	327.46407 	0.21275 	40.12848 	20.50827
8800.00000 	327.73526 	0.20517 	40.50527 	20.50507
8900.00000 	328.00833 	0.19570 	40.87904 	20.50641
9000.00000 	328.11215 	0.17828 	41.25337 	20.50528
9100.00000 	328.26104 	0.16234 	41.62823 	20.50168
9200.00000 	328.37831 	0.14767 	42.00466 	20.50519
9300.00000 	328.52410 	0.13421 	42.37698 	20.50409
9400.00000 	328.68477 	0.12189 	42.75445 	20.50285
9500.00000 	328.84647 	0.11061 	43.12884 	20.50676
9600.00000 	329.07265 	0.10033 	43.50372 	20.50841
9700.00000 	329.28181 	0.09090 	43.87909 	20.50779
9800.00000 	329.49365 	0.08228 	44.25492 	20.50491
9900.00000 	329.73793 	0.07442 	44.62764 	20.50755
10000.00000 	330.00084 	0.06726 	45.00081 	20.50805
10100.00000 	330.26834 	0.06074 	45.00081 	20.50805
10200.00000 	330.60840 	0.05482 	45.00081 	20.50805
10300.00000 	330.93242 	0.04942 	45.00081 	20.50805
10400.00000 	331.69172 	0.04891 	45.00081 	20.50805
10500.00000 	332.53368 	0.04901 	45.00081 	20.50805
10600.00000 	333.41457 	0.04906 	45.00081 	20.50805
10700.00000 	334.38107 	0.04473 	45.00081 	20.50805
10800.00000 	335.36617 	0.03601 	45.00081 	20.50805
10900.00000 	336.37612 	0.02891 	45.00081 	20.50805
11000.00000 	337.41186 	0.02339 	45.00081 	20.50805
11100.00000 	338.39900 	0.01904 	45.00081 	20.50805
11200.00000 	339.41191 	0.01547 	45.00081 	20.50805
11300.00000 	340.49904 	0.01374 	45.00081 	20.50805
11400.00000 	341.72268 	0.01377 	45.00081 	20.50805
11500.00000 	342.97518 	0.01380 	45.00081 	20.50805
11600.00000 	343.95434 	0.01383 	45.00081 	20.50805
11700.00000 	344.94300 	0.01384 	45.00081 	20.50805
11800.00000 	346.00851 	0.01387 	45.00081 	20.50805
11900.00000 	347.72091 	0.01390 	45.00081 	20.50805
12000.00000 	349.67533 	0.01391 	45.00081 	20.50805
12100.00000 	352.24774 	0.01395 	45.00081 	20.50805
12200.00000 	354.80738 	0.01398 	45.00081 	20.50805
12300.00000 	357.30294 	0.01400 	45.00081 	20.50805
12400.00000 	359.75649 	0.01403 	45.00081 	20.50805
12500.00000 	362.04324 	0.01403 	45.00081 	20.50805
12600.00000 	364.36798 	0.01406 	45.00081 	20.50805
12700.00000 	365.98941 	0.01408 	45.00081 	20.50805
12800.00000 	367.44263 	0.01411 	45.00081 	20.50805
12900.00000 	368.86300 	0.01413 	45.00081 	20.50805
13000.00000 	370.36180 	0.01416 	45.00081 	20.50805
13100.00000 	371.84422 	0.01419 	45.00081 	20.50805
13200.00000 	372.84942 	0.01420 	45.00081 	20.50805
13300.00000 	373.82835 	0.01421 	45.00081 	20.50805
13400.00000 	374.83257 	0.01423 	45.00081 	20.50805
13500.00000 	375.88018 	0.01423 	45.00081 	20.50805
13600.00000 	376.86499 	0.01424 	45.00081 	20.50805
13700.00000 	377.94943 	0.01427 	45.00081 	20.50805
13800.00000 	379.08047 	0.01430 	45.00081 	20.50805
13900.00000 	380.22445 	0.01433 	45.00081 	20.50805
14000.00000 	381.39989 	0.01437 	45.00081 	20.50805
14100.00000 	382.54559 	0.01440 	43.75045 	20.50352
14200.00000 	383.78619 	0.01443 	42.50036 	20.50888
14300.00000 	384.97876 	0.01447 	41.25337 	20.50528
14400.00000 	385.91419 	0.01447 	40.00268 	20.50566
14500.00000 	386.85636 	0.01447 	38.74871 	20.50773
14600.00000 	387.91173 	0.01449 	37.50001 	20.50514
14700.00000 	388.92538 	0.01449 	36.24981 	20.50916
14800.00000 	389.94833 	0.01451 	34.99770 	20.50840
14900.00000 	391.01796 	0.01451 	33.75307 	20.50606
15000.00000 	392.09882 	0.01454 	32.50047 	20.50627
15100.00000 	393.21026 	0.01455 	31.24925 	20.51131
15200.00000 	394.37202 	0.01459 	29.99924 	20.51016
15300.00000 	395.54832 	0.01463 	28.75180 	20.50846
15400.00000 	396.77770 	0.01465 	27.49986 	20.50523
15500.00000 	398.02419 	0.01470 	26.24886 	20.50785
15600.00000 	399.30790 	0.01473 	24.99899 	20.50519
15700.00000 	400.56539 	0.01475 	23.74787 	20.50585
15800.00000 	401.78762 	0.01474 	22.50005 	20.50939
15900.00000 	403.13033 	0.01474 	21.24862 	20.50523
16000.00000 	404.39068 	0.01475 	19.99844 	20.50748
16100.00000 	406.07744 	0.01481 	19.99844 	20.50748
16200.00000 	407.78699 	0.01487 	19.99844 	20.50748
16300.00000 	409.50746 	0.01494 	19.99844 	20.50748
16400.00000 	411.23839 	0.01500 	19.99844 	20.50748
16500.00000 	412.97928 	0.01507 	19.99844 	20.50748
16600.00000 	414.74273 	0.01514 	19.99844 	20.50748
16700.00000 	416.52904 	0.01521 	19.99844 	20.50748
16800.00000 	418.31106 	0.01528 	19.99844 	20.50748
16900.00000 	420.12938 	0.01535 	19.99844 	20.50748
17000.00000 	421.94204 	0.01543 	19.99844 	20.50748
17100.00000 	423.79153 	0.01550 	19.99844 	20.50748
17200.00000 	425.63383 	0.01557 	19.99844 	20.50748
17300.00000 	427.51341 	0.01565 	19.99844 	20.50748
17400.00000 	429.39989 	0.01573 	19.99844 	20.50748
17500.00000 	431.30853 	0.01581 	19.99844 	20.50748
17600.00000 	433.22288 	0.01589 	19.99844 	20.50748
17700.00000 	435.15889 	0.01597 	19.99844 	20.50748
17800.00000 	437.11663 	0.01605 	19.99844 	20.50748
17900.00000 	439.09617 	0.01614 	19.99844 	20.50748
18000.00000 	441.07928 	0.01623 	19.99844 	20.50748
18100.00000 	443.08337 	0.01631 	19.99844 	20.50748
18200.00000 	445.10838 	0.01640 	19.99844 	20.50748
18300.00000 	447.15427 	0.01649 	19.99844 	20.50748
18400.00000 	449.22093 	0.01658 	19.99844 	20.50748
18500.00000 	451.30822 	0.01668 	19.99844 	20.50748
18600.00000 	453.41598 	0.01677 	19.99844 	20.50748
18700.00000 	455.52227 	0.01687 	19.99844 	20.50748
18800.00000 	457.66977 	0.01697 	19.99844 	20.50748
18900.00000 	459.83697 	0.01707 	19.99844 	20.50748
19000.00000 	462.00010 	0.01717 	19.99844 	20.50748
19100.00000 	464.20504 	0.01727 	19.99844 	20.50748
19200.00000 	466.42850 	0.01738 	19.99844 	20.50748
19300.00000 	468.66995 	0.01748 	19.99844 	20.50748
19400.00000 	470.92884 	0.01759 	19.99844 	20.50748
19500.00000 	473.23115 	0.01770 	19.99844 	20.50748
19600.00000 	475.52359 	0.01782 	19.99844 	20.50748
19700.00000 	477.85940 	0.01793 	19.99844 	20.50748
19800.00000 	480.21111 	0.01805 	19.99844 	20.50748
19900.00000 	482.57783 	0.01816 	19.99844 	20.50748
20000.00000 	484.98892 	0.01829 	19.99844 	20.50748
