971.60000 	299.49647 	17.29670
0.00000 	299.49525 	17.29670 	-0.00000 	0.00000
100.00000 	299.98560 	17.52280 	-0.00000 	2.75228
200.00000 	300.71160 	17.44741 	-0.00000 	5.49941
300.00000 	301.61441 	17.54070 	0.53615 	9.47119
400.00000 	302.39014 	17.68974 	1.07133 	11.06540
500.00000 	303.03554 	17.79657 	1.60716 	12.25718
600.00000 	303.48930 	17.69591 	2.14179 	13.22381
700.00000 	303.75884 	17.32483 	2.67836 	14.05376
800.00000 	304.12116 	16.84149 	3.21428 	14.77917
900.00000 	304.62974 	16.28447 	3.75069 	15.42104
1000.00000 	305.32797 	15.73106 	4.28603 	15.99570
1100.00000 	306.14368 	15.24551 	4.82111 	16.51902
1200.00000 	306.90024 	14.71259 	5.35714 	16.99067
1300.00000 	307.34406 	14.01048 	5.89348 	17.42154
1400.00000 	307.49320 	13.72309 	6.43012 	17.81157
1500.00000 	307.55648 	13.54099 	6.96617 	18.16644
1600.00000 	307.58612 	13.37851 	7.50121 	18.49178
1700.00000 	307.86956 	13.17324 	8.03659 	18.78698
1800.00000 	308.27064 	12.88522 	8.57059 	19.05265
1900.00000 	308.81108 	12.46548 	9.10716 	19.29248
2000.00000 	309.26703 	12.03438 	9.64395 	19.51305
2100.00000 	309.70108 	11.63805 	10.17867 	19.70393
2200.00000 	310.20114 	11.33126 	10.71483 	19.87466
2300.00000 	310.71265 	10.79182 	11.25157 	20.02549
2400.00000 	311.21376 	10.20398 	11.78548 	20.15228
2500.00000 	311.59467 	9.97043 	12.32172 	20.25770
2600.00000 	312.01890 	9.43438 	12.85877 	20.34842
2700.00000 	312.48830 	8.59880 	13.39400 	20.41370
2800.00000 	313.13471 	7.63700 	13.93227 	20.46228
2900.00000 	313.74879 	6.78674 	14.46656 	20.49247
3000.00000 	313.91764 	6.32218 	14.99974 	20.50205
3100.00000 	314.06149 	5.85556 	15.49986 	20.50192
3200.00000 	314.18214 	5.38431 	15.99965 	20.50073
3300.00000 	314.70279 	5.33074 	16.50231 	20.50274
3400.00000 	315.41735 	5.45286 	17.00144 	20.50016
3500.00000 	315.79243 	5.69408 	17.49994 	20.50429
3600.00000 	316.13437 	5.91589 	17.99834 	20.50151
3700.00000 	316.42569 	5.91467 	18.49978 	20.50286
3800.00000 	316.70586 	5.88381 	19.00088 	20.50472
3900.00000 	316.96024 	5.78409 	19.50167 	20.50025
4000.00000 	317.23452 	5.66028 	20.00202 	20.50398
4100.00000 	317.60979 	5.44438 	20.50192 	20.50192
4200.00000 	317.99392 	5.23141 	21.00133 	20.50149
4300.00000 	318.37905 	5.03003 	21.50023 	20.50304
4400.00000 	318.77715 	4.83229 	22.00220 	20.50303
4500.00000 	319.18862 	4.62424 	22.49982 	20.50200
4600.00000 	319.60050 	4.33510 	23.00040 	20.49981
4700.00000 	320.00900 	4.06168 	23.50034 	20.50066
4800.00000 	320.43537 	3.80465 	24.00321 	20.50068
4900.00000 	320.88750 	3.56243 	24.50147 	20.50095
5000.00000 	321.33680 	3.33626 	25.00257 	20.50082
5100.00000 	321.71868 	3.15314 	25.49890 	20.50164
5200.00000 	322.11327 	2.97684 	26.00156 	20.49798
5300.00000 	322.53885 	2.81010 	26.49982 	20.50356
5400.00000 	322.96026 	2.65353 	27.00029 	20.50176
5500.00000 	323.39561 	2.50291 	27.50343 	20.50043
5600.00000 	323.84531 	2.36012 	28.00151 	20.50152
5700.00000 	324.32882 	2.22709 	28.50220 	20.50354
5800.00000 	324.68961 	2.12020 	29.00128 	20.50367
5900.00000 	324.98797 	2.03748 	29.50291 	20.50505
6000.00000 	325.29904 	1.95944 	30.00282 	20.50493
6100.00000 	325.62325 	1.88265 	30.37626 	20.50448
6200.00000 	325.96100 	1.80870 	30.75496 	20.50325
6300.00000 	326.29213 	1.73713 	31.13107 	20.50378
6400.00000 	326.65801 	1.66860 	31.50455 	20.50623
6500.00000 	327.03882 	1.60403 	31.87897 	20.50524
6600.00000 	327.43504 	1.54051 	32.25071 	20.50642
6700.00000 	327.80349 	1.46214 	32.62768 	20.50701
6800.00000 	328.11121 	1.36335 	33.00554 	20.50420
6900.00000 	328.45460 	1.27097 	33.38068 	20.50382
7000.00000 	328.81225 	1.18325 	33.75307 	20.50606
7100.00000 	329.14858 	1.10178 	34.12628 	20.50514
7200.00000 	329.53581 	1.02569 	34.50470 	20.50368
7300.00000 	329.91496 	0.95418 	34.88033 	20.50511
7400.00000 	330.33383 	0.88746 	35.25674 	20.50344
7500.00000 	330.73184 	0.82480 	35.63032 	20.50490
7600.00000 	330.96762 	0.81587 	36.00464 	20.50338
7700.00000 	331.16523 	0.81517 	36.37609 	20.50524
7800.00000 	331.38918 	0.81384 	36.75273 	20.50675
7900.00000 	331.63935 	0.81287 	37.13008 	20.50536
8000.00000 	331.87789 	0.81256 	37.50452 	20.50761
8100.00000 	332.14433 	0.81163 	37.87963 	20.50708
8200.00000 	332.41232 	0.81160 	38.25539 	20.50376
8300.00000 	332.70933 	0.81096 	38.62820 	20.50440
8400.00000 	333.00887 	0.81046 	39.00619 	20.50477
8500.00000 	333.33867 	0.81088 	39.37665 	20.50692
8600.00000 	333.70089 	0.81094 	39.75585 	20.50195
8700.00000 	334.00437 	0.77353 	40.12848 	20.50827
8800.00000 	334.35092 	0.72050 	40.50527 	20.50507
8900.00000 	334.68352 	0.66996 	40.87904 	20.50641
9000.00000 	335.03196 	0.62328 	41.25337 	20.50528
9100.00000 	335.39678 	0.57958 	41.62823 	20.50168
9200.00000 	335.77857 	0.53871 	42.00466 	20.50519
9300.00000 	336.17794 	0.49999 	42.37698 	20.50409
9400.00000 	336.59552 	0.46430 	42.75445 	20.50285
9500.00000 	336.97044 	0.43038 	43.12884 	20.50676
9600.00000 	337.19140 	0.39633 	43.50372 	20.50841
9700.00000 	337.42755 	0.36512 	43.87909 	20.50779
9800.00000 	337.64486 	0.33605 	44.25492 	20.50491
9900.00000 	337.92696 	0.30891 	44.62764 	20.50755
10000.00000 	338.21154 	0.28407 	45.00081 	20.50805
10100.00000 	338.47742 	0.26071 	45.00081 	20.50805
10200.00000 	338.79707 	0.23946 	45.00081 	20.50805
10300.00000 	339.13556 	0.21980 	45.00081 	20.50805
10400.00000 	339.45560 	0.20134 	45.00081 	20.50805
10500.00000 	339.83331 	0.18459 	45.00081 	20.50805
10600.00000 	340.04526 	0.17164 	45.00081 	20.50805
10700.00000 	340.23388 	0.16053 	45.00081 	20.50805
10800.00000 	340.43838 	0.15025 	45.00081 	20.50805
10900.00000 	340.64425 	0.14059 	45.00081 	20.50805
11000.00000 	340.88222 	0.13135 	45.00081 	20.50805
11100.00000 	341.13790 	0.12283 	45.00081 	20.50805
11200.00000 	341.41198 	0.11468 	45.00081 	20.50805
11300.00000 	341.70517 	0.10717 	45.00081 	20.50805
11400.00000 	342.00281 	0.10000 	45.00081 	20.50805
11500.00000 	342.33646 	0.09339 	45.00081 	20.50805
11600.00000 	342.69161 	0.08719 	45.00081 	20.50805
11700.00000 	343.05357 	0.08153 	45.00081 	20.50805
11800.00000 	343.37313 	0.07646 	45.00081 	20.50805
11900.00000 	343.69559 	0.07177 	45.00081 	20.50805
12000.00000 	344.05313 	0.06736 	45.00081 	20.50805
12100.00000 	344.46489 	0.06323 	45.00081 	20.50805
12200.00000 	344.86426 	0.05924 	45.00081 	20.50805
12300.00000 	345.26935 	0.05556 	45.00081 	20.50805
12400.00000 	345.71309 	0.05209 	45.00081 	20.50805
12500.00000 	346.17543 	0.04898 	45.00081 	20.50805
12600.00000 	346.78539 	0.04642 	45.00081 	20.50805
12700.00000 	347.40272 	0.04400 	45.00081 	20.50805
12800.00000 	347.98802 	0.04172 	45.00081 	20.50805
12900.00000 	348.65430 	0.03953 	45.00081 	20.50805
13000.00000 	349.76941 	0.03481 	45.00081 	20.50805
13100.00000 	351.43106 	0.02829 	45.00081 	20.50805
13200.00000 	353.07329 	0.02650 	45.00081 	20.50805
13300.00000 	354.84456 	0.02652 	45.00081 	20.50805
13400.00000 	356.63975 	0.02657 	45.00081 	20.50805
13500.00000 	358.45420 	0.02662 	45.00081 	20.50805
13600.00000 	359.88291 	0.02402 	45.00081 	20.50805
13700.00000 	361.29017 	0.02075 	45.00081 	20.50805
13800.00000 	362.64426 	0.01789 	45.00081 	20.50805
13900.00000 	364.11794 	0.01541 	45.00081 	20.50805
14000.00000 	365.81594 	0.01420 	45.00081 	20.50805
14100.00000 	367.71738 	0.01422 	43.75045 	20.50352
14200.00000 	369.71142 	0.01426 	42.50036 	20.50888
14300.00000 	371.76225 	0.01428 	41.25337 	20.50528
14400.00000 	373.52748 	0.01431 	40.00268 	20.50566
14500.00000 	375.23122 	0.01431 	38.74871 	20.50773
14600.00000 	376.95147 	0.01434 	37.50001 	20.50514
14700.00000 	378.70722 	0.01437 	36.24981 	20.50916
14800.00000 	380.51779 	0.01439 	34.99770 	20.50840
14900.00000 	382.34864 	0.01443 	33.75307 	20.50606
15000.00000 	384.21919 	0.01447 	32.50047 	20.50627
15100.00000 	385.67472 	0.01447 	31.24925 	20.51131
15200.00000 	386.84987 	0.01449 	29.99924 	20.51016
15300.00000 	388.03477 	0.01448 	28.75180 	20.50846
15400.00000 	389.34481 	0.01452 	27.49986 	20.50523
15500.00000 	390.60930 	0.01452 	26.24886 	20.50785
15600.00000 	391.88658 	0.01455 	24.99899 	20.50519
15700.00000 	393.21513 	0.01456 	23.74787 	20.50585
15800.00000 	394.55873 	0.01459 	22.50005 	20.50939
15900.00000 	396.04350 	0.01462 	21.24862 	20.50523
16000.00000 	397.47989 	0.01467 	19.99844 	20.50748
16100.00000 	399.06525 	0.01473 	19.99844 	20.50748
16200.00000 	400.66134 	0.01479 	19.99844 	20.50748
16300.00000 	402.27939 	0.01485 	19.99844 	20.50748
16400.00000 	403.89609 	0.01492 	19.99844 	20.50748
16500.00000 	405.53444 	0.01498 	19.99844 	20.50748
16600.00000 	407.19481 	0.01505 	19.99844 	20.50748
16700.00000 	408.85216 	0.01512 	19.99844 	20.50748
16800.00000 	410.54405 	0.01519 	19.99844 	20.50748
16900.00000 	412.23182 	0.01526 	19.99844 	20.50748
17000.00000 	413.94114 	0.01533 	19.99844 	20.50748
17100.00000 	415.65839 	0.01540 	19.99844 	20.50748
17200.00000 	417.39708 	0.01547 	19.99844 	20.50748
17300.00000 	419.15746 	0.01555 	19.99844 	20.50748
17400.00000 	420.92486 	0.01562 	19.99844 	20.50748
17500.00000 	422.69842 	0.01570 	19.99844 	20.50748
17600.00000 	424.50853 	0.01578 	19.99844 	20.50748
17700.00000 	426.32444 	0.01586 	19.99844 	20.50748
17800.00000 	428.14515 	0.01594 	19.99844 	20.50748
17900.00000 	429.98639 	0.01602 	19.99844 	20.50748
18000.00000 	431.84822 	0.01610 	19.99844 	20.50748
18100.00000 	433.73071 	0.01619 	19.99844 	20.50748
18200.00000 	435.63387 	0.01627 	19.99844 	20.50748
18300.00000 	437.53924 	0.01636 	19.99844 	20.50748
18400.00000 	439.46437 	0.01645 	19.99844 	20.50748
18500.00000 	441.40918 	0.01654 	19.99844 	20.50748
18600.00000 	443.37355 	0.01663 	19.99844 	20.50748
18700.00000 	445.35733 	0.01673 	19.99844 	20.50748
18800.00000 	447.36036 	0.01682 	19.99844 	20.50748
18900.00000 	449.38240 	0.01692 	19.99844 	20.50748
19000.00000 	451.42320 	0.01702 	19.99844 	20.50748
19100.00000 	453.45994 	0.01712 	19.99844 	20.50748
19200.00000 	455.53672 	0.01722 	19.99844 	20.50748
19300.00000 	457.63118 	0.01732 	19.99844 	20.50748
19400.00000 	459.74286 	0.01743 	19.99844 	20.50748
19500.00000 	461.89615 	0.01754 	19.99844 	20.50748
19600.00000 	464.04131 	0.01765 	19.99844 	20.50748
19700.00000 	466.20197 	0.01775 	19.99844 	20.50748
19800.00000 	468.40429 	0.01787 	19.99844 	20.50748
19900.00000 	470.62202 	0.01798 	19.99844 	20.50748
20000.00000 	472.85432 	0.01810 	19.99844 	20.50748
