931.30000 	305.24767 	13.45315
0.00000 	305.24458 	13.45315 	-0.00000 	0.00000
100.00000 	305.37501 	12.91098 	-0.00000 	2.75228
200.00000 	305.54525 	12.67994 	-0.00000 	5.49941
300.00000 	305.70492 	12.51856 	0.53615 	9.47119
400.00000 	305.87453 	12.38345 	1.07133 	11.06540
500.00000 	306.20970 	12.26577 	1.60716 	12.25718
600.00000 	306.64954 	12.19767 	2.14179 	13.22381
700.00000 	306.98615 	12.07314 	2.67836 	14.05376
800.00000 	307.40686 	11.91094 	3.21428 	14.77917
900.00000 	307.68152 	11.63887 	3.75069 	15.42104
1000.00000 	307.96655 	11.24204 	4.28603 	15.99570
1100.00000 	308.13511 	10.87278 	4.82111 	16.51902
1200.00000 	308.32402 	10.35728 	5.35714 	16.99067
1300.00000 	308.36289 	9.66193 	5.89348 	17.42154
1400.00000 	308.33563 	8.83481 	6.43012 	17.81157
1500.00000 	308.09183 	7.92629 	6.96617 	18.16644
1600.00000 	307.96248 	7.37835 	7.50121 	18.49178
1700.00000 	307.95874 	6.93660 	8.03659 	18.78698
1800.00000 	308.08313 	6.53292 	8.57059 	19.05265
1900.00000 	308.30362 	6.16754 	9.10716 	19.29248
2000.00000 	308.48908 	5.83186 	9.64395 	19.51305
2100.00000 	308.67504 	5.51359 	10.17867 	19.70393
2200.00000 	308.81425 	5.11109 	10.71483 	19.87466
2300.00000 	309.07253 	4.76977 	11.25157 	20.02549
2400.00000 	309.25336 	4.42262 	11.78548 	20.15228
2500.00000 	309.33067 	4.07253 	12.32172 	20.25770
2600.00000 	309.48464 	3.75897 	12.85877 	20.34842
2700.00000 	309.67157 	3.47259 	13.39400 	20.41370
2800.00000 	309.93085 	3.22194 	13.93227 	20.46228
2900.00000 	310.20123 	2.98303 	14.46656 	20.49247
3000.00000 	310.42888 	2.74761 	14.99974 	20.50205
3100.00000 	310.76293 	2.54798 	15.49986 	20.50192
3200.00000 	311.06338 	2.35208 	15.99965 	20.50073
3300.00000 	311.39589 	2.17124 	16.50231 	20.50274
3400.00000 	311.90098 	2.02102 	17.00144 	20.50016
3500.00000 	312.29869 	1.86428 	17.49994 	20.50429
3600.00000 	312.79303 	1.72456 	17.99834 	20.50151
3700.00000 	313.24004 	1.58612 	18.49978 	20.50286
3800.00000 	313.67031 	1.45360 	19.00088 	20.50472
3900.00000 	314.11376 	1.32775 	19.50167 	20.50025
4000.00000 	314.48883 	1.22749 	20.00202 	20.50398
4100.00000 	314.81811 	1.14929 	20.50192 	20.50192
4200.00000 	315.11685 	1.08993 	21.00133 	20.50149
4300.00000 	315.47132 	1.02961 	21.50023 	20.50304
4400.00000 	315.76771 	0.97664 	22.00220 	20.50303
4500.00000 	316.15107 	0.93324 	22.49982 	20.50200
4600.00000 	316.47101 	0.88752 	23.00040 	20.49981
4700.00000 	316.82099 	0.84404 	23.50034 	20.50066
4800.00000 	317.15525 	0.80237 	24.00321 	20.50068
4900.00000 	317.57666 	0.76716 	24.50147 	20.50095
5000.00000 	317.95700 	0.72955 	25.00257 	20.50082
5100.00000 	318.30904 	0.69352 	25.49890 	20.50164
5200.00000 	318.61375 	0.65706 	26.00156 	20.49798
5300.00000 	318.90714 	0.62180 	26.49982 	20.50356
5400.00000 	319.11539 	0.58392 	27.00029 	20.50176
5500.00000 	319.29968 	0.54766 	27.50343 	20.50043
5600.00000 	319.57544 	0.51702 	28.00151 	20.50152
5700.00000 	319.72206 	0.48346 	28.50220 	20.50354
5800.00000 	320.01172 	0.45614 	29.00128 	20.50367
5900.00000 	320.18971 	0.42654 	29.50291 	20.50505
6000.00000 	320.41556 	0.40047 	30.00282 	20.50493
6100.00000 	320.90787 	0.38214 	30.37626 	20.50448
6200.00000 	321.22529 	0.36034 	30.75496 	20.50325
6300.00000 	321.59572 	0.34036 	31.13107 	20.50378
6400.00000 	321.89956 	0.32063 	31.50455 	20.50623
6500.00000 	322.16997 	0.30098 	31.87897 	20.50524
6600.00000 	322.48029 	0.28329 	32.25071 	20.50642
6700.00000 	322.80540 	0.26630 	32.62768 	20.50701
6800.00000 	323.05475 	0.24898 	33.00554 	20.50420
6900.00000 	323.19644 	0.23157 	33.38068 	20.50382
7000.00000 	323.32266 	0.21446 	33.75307 	20.50606
7100.00000 	323.60752 	0.20058 	34.12628 	20.50514
7200.00000 	323.76443 	0.18592 	34.50470 	20.50368
7300.00000 	324.08330 	0.17440 	34.88033 	20.50511
7400.00000 	324.41908 	0.16350 	35.25674 	20.50344
7500.00000 	324.73028 	0.15306 	35.63032 	20.50490
7600.00000 	325.12437 	0.14371 	36.00464 	20.50338
7700.00000 	325.45444 	0.13416 	36.37609 	20.50524
7800.00000 	325.72049 	0.12499 	36.75273 	20.50675
7900.00000 	325.97479 	0.11624 	37.13008 	20.50536
8000.00000 	326.29929 	0.10845 	37.50452 	20.50761
8100.00000 	326.77697 	0.10213 	37.87963 	20.50708
8200.00000 	327.17630 	0.09551 	38.25539 	20.50376
8300.00000 	327.64729 	0.08977 	38.62820 	20.50440
8400.00000 	328.02202 	0.08401 	39.00619 	20.50477
8500.00000 	328.52469 	0.07914 	39.37665 	20.50692
8600.00000 	329.07580 	0.07456 	39.75585 	20.50195
8700.00000 	329.61563 	0.07020 	40.12848 	20.50827
8800.00000 	329.97732 	0.06517 	40.50527 	20.50507
8900.00000 	330.34653 	0.06076 	40.87904 	20.50641
9000.00000 	330.71819 	0.05663 	41.25337 	20.50528
9100.00000 	331.13993 	0.05272 	41.62823 	20.50168
9200.00000 	331.59005 	0.04917 	42.00466 	20.50519
9300.00000 	332.07338 	0.04589 	42.37698 	20.50409
9400.00000 	332.56188 	0.04276 	42.75445 	20.50285
9500.00000 	333.09584 	0.04018 	43.12884 	20.50676
9600.00000 	333.54628 	0.03742 	43.50372 	20.50841
9700.00000 	334.08834 	0.03506 	43.87909 	20.50779
9800.00000 	334.58403 	0.03256 	44.25492 	20.50491
9900.00000 	334.90040 	0.02988 	44.62764 	20.50755
10000.00000 	335.22077 	0.02769 	45.00081 	20.50805
10100.00000 	335.58737 	0.02638 	45.00081 	20.50805
10200.00000 	336.01349 	0.02530 	45.00081 	20.50805
10300.00000 	336.48227 	0.02425 	45.00081 	20.50805
10400.00000 	336.84981 	0.02306 	45.00081 	20.50805
10500.00000 	337.23653 	0.02190 	45.00081 	20.50805
10600.00000 	337.73454 	0.02093 	45.00081 	20.50805
10700.00000 	338.21130 	0.01999 	45.00081 	20.50805
10800.00000 	338.66544 	0.01909 	45.00081 	20.50805
10900.00000 	339.08226 	0.01823 	45.00081 	20.50805
11000.00000 	339.54674 	0.01740 	45.00081 	20.50805
11100.00000 	340.25036 	0.01690 	45.00081 	20.50805
11200.00000 	341.06956 	0.01654 	45.00081 	20.50805
11300.00000 	341.83397 	0.01604 	45.00081 	20.50805
11400.00000 	343.07966 	0.01612 	45.00081 	20.50805
11500.00000 	344.43325 	0.01626 	45.00081 	20.50805
11600.00000 	345.87364 	0.01650 	45.00081 	20.50805
11700.00000 	347.34153 	0.01675 	45.00081 	20.50805
11800.00000 	348.83789 	0.01700 	45.00081 	20.50805
11900.00000 	350.36369 	0.01727 	45.00081 	20.50805
12000.00000 	351.92000 	0.01754 	45.00081 	20.50805
12100.00000 	353.50791 	0.01781 	45.00081 	20.50805
12200.00000 	355.12857 	0.01810 	45.00081 	20.50805
12300.00000 	356.78322 	0.01840 	45.00081 	20.50805
12400.00000 	358.35543 	0.01868 	45.00081 	20.50805
12500.00000 	359.83939 	0.01896 	45.00081 	20.50805
12600.00000 	361.35141 	0.01924 	45.00081 	20.50805
12700.00000 	362.95470 	0.01954 	45.00081 	20.50805
12800.00000 	364.52699 	0.01983 	45.00081 	20.50805
12900.00000 	366.13039 	0.02014 	45.00081 	20.50805
13000.00000 	367.76602 	0.02046 	45.00081 	20.50805
13100.00000 	369.43506 	0.02079 	45.00081 	20.50805
13200.00000 	371.20763 	0.02114 	45.00081 	20.50805
13300.00000 	372.94871 	0.02149 	45.00081 	20.50805
13400.00000 	374.58346 	0.02182 	45.00081 	20.50805
13500.00000 	376.17777 	0.02214 	45.00081 	20.50805
13600.00000 	377.72851 	0.02246 	45.00081 	20.50805
13700.00000 	379.30844 	0.02280 	45.00081 	20.50805
13800.00000 	380.99599 	0.02315 	45.00081 	20.50805
13900.00000 	382.63883 	0.02350 	45.00081 	20.50805
14000.00000 	384.39464 	0.02388 	45.00081 	20.50805
14100.00000 	386.10499 	0.02426 	43.75045 	20.50352
14200.00000 	387.85013 	0.02464 	42.50036 	20.50888
14300.00000 	389.71708 	0.02506 	41.25337 	20.50528
14400.00000 	391.53752 	0.02547 	40.00268 	20.50566
14500.00000 	393.48639 	0.02592 	38.74871 	20.50773
14600.00000 	395.11389 	0.02630 	37.50001 	20.50514
14700.00000 	396.77212 	0.02668 	36.24981 	20.50916
14800.00000 	398.46214 	0.02708 	34.99770 	20.50840
14900.00000 	400.18505 	0.02750 	33.75307 	20.50606
15000.00000 	401.84347 	0.02790 	32.50047 	20.50627
15100.00000 	403.63367 	0.02834 	31.24925 	20.51131
15200.00000 	405.46033 	0.02879 	29.99924 	20.51016
15300.00000 	407.32479 	0.02925 	28.75180 	20.50846
15400.00000 	409.12165 	0.02971 	27.49986 	20.50523
15500.00000 	411.06373 	0.03020 	26.24886 	20.50785
15600.00000 	413.04799 	0.03072 	24.99899 	20.50519
15700.00000 	415.07609 	0.03125 	23.74787 	20.50585
15800.00000 	417.03336 	0.03177 	22.50005 	20.50939
15900.00000 	419.15182 	0.03234 	21.24862 	20.50523
16000.00000 	420.95479 	0.03282 	19.99844 	20.50748
16100.00000 	423.19008 	0.03344 	19.99844 	20.50748
16200.00000 	425.42887 	0.03406 	19.99844 	20.50748
16300.00000 	427.70893 	0.03471 	19.99844 	20.50748
16400.00000 	429.99160 	0.03536 	19.99844 	20.50748
16500.00000 	432.30278 	0.03603 	19.99844 	20.50748
16600.00000 	434.64289 	0.03671 	19.99844 	20.50748
16700.00000 	436.98365 	0.03741 	19.99844 	20.50748
16800.00000 	439.36751 	0.03813 	19.99844 	20.50748
16900.00000 	441.76579 	0.03886 	19.99844 	20.50748
17000.00000 	444.17775 	0.03961 	19.99844 	20.50748
17100.00000 	446.61844 	0.04038 	19.99844 	20.50748
17200.00000 	449.07195 	0.04116 	19.99844 	20.50748
17300.00000 	451.55401 	0.04196 	19.99844 	20.50748
17400.00000 	454.06490 	0.04279 	19.99844 	20.50748
17500.00000 	456.60486 	0.04363 	19.99844 	20.50748
17600.00000 	459.15619 	0.04449 	19.99844 	20.50748
17700.00000 	461.73615 	0.04537 	19.99844 	20.50748
17800.00000 	464.32604 	0.04627 	19.99844 	20.50748
17900.00000 	466.96325 	0.04719 	19.99844 	20.50748
18000.00000 	469.60965 	0.04814 	19.99844 	20.50748
18100.00000 	472.28417 	0.04910 	19.99844 	20.50748
18200.00000 	474.98682 	0.05009 	19.99844 	20.50748
18300.00000 	477.71760 	0.05111 	19.99844 	20.50748
18400.00000 	480.47645 	0.05215 	19.99844 	20.50748
18500.00000 	483.26330 	0.05321 	19.99844 	20.50748
18600.00000 	486.05483 	0.05430 	19.99844 	20.50748
18700.00000 	488.89663 	0.05542 	19.99844 	20.50748
18800.00000 	491.76588 	0.05656 	19.99844 	20.50748
18900.00000 	494.66232 	0.05774 	19.99844 	20.50748
19000.00000 	497.55985 	0.05893 	19.99844 	20.50748
19100.00000 	500.50892 	0.06016 	19.99844 	20.50748
19200.00000 	503.51113 	0.06144 	19.99844 	20.50748
19300.00000 	506.51238 	0.06273 	19.99844 	20.50748
19400.00000 	509.53850 	0.06405 	19.99844 	20.50748
19500.00000 	512.61827 	0.06542 	19.99844 	20.50748
19600.00000 	515.69281 	0.06680 	19.99844 	20.50748
19700.00000 	518.85212 	0.06824 	19.99844 	20.50748
19800.00000 	522.00453 	0.06970 	19.99844 	20.50748
19900.00000 	525.17929 	0.07120 	19.99844 	20.50748
20000.00000 	528.40908 	0.07274 	19.99844 	20.50748
