978.90000 	296.62275 	12.86130
0.00000 	296.62185 	12.86130 	-0.00000 	0.00000
100.00000 	300.07302 	12.69931 	-0.00000 	2.75228
200.00000 	300.46730 	12.41551 	-0.00000 	5.49941
300.00000 	300.47714 	12.89717 	0.53615 	9.47119
400.00000 	300.48603 	12.98920 	1.07133 	11.06540
500.00000 	300.49390 	12.62387 	1.60716 	12.25718
600.00000 	300.50067 	12.45586 	2.14179 	13.22381
700.00000 	300.51655 	12.45395 	2.67836 	14.05376
800.00000 	300.70613 	12.42877 	3.21428 	14.77917
900.00000 	301.09328 	12.42706 	3.75069 	15.42104
1000.00000 	301.21067 	12.74526 	4.28603 	15.99570
1100.00000 	301.22358 	12.48352 	4.82111 	16.51902
1200.00000 	301.27645 	11.84861 	5.35714 	16.99067
1300.00000 	301.48568 	11.38693 	5.89348 	17.42154
1400.00000 	301.58929 	10.87425 	6.43012 	17.81157
1500.00000 	301.78696 	10.43958 	6.96617 	18.16644
1600.00000 	302.15409 	10.12881 	7.50121 	18.49178
1700.00000 	302.35144 	9.71849 	8.03659 	18.78698
1800.00000 	302.62310 	9.36878 	8.57059 	19.05265
1900.00000 	303.03405 	9.10514 	9.10716 	19.29248
2000.00000 	303.68199 	8.99518 	9.64395 	19.51305
2100.00000 	304.31099 	8.78894 	10.17867 	19.70393
2200.00000 	304.81206 	8.15869 	10.71483 	19.87466
2300.00000 	305.15116 	7.38843 	11.25157 	20.02549
2400.00000 	305.41372 	7.01102 	11.78548 	20.15228
2500.00000 	305.52221 	6.84857 	12.32172 	20.25770
2600.00000 	305.91422 	6.56062 	12.85877 	20.34842
2700.00000 	306.52774 	6.20262 	13.39400 	20.41370
2800.00000 	307.76068 	5.58514 	13.93227 	20.46228
2900.00000 	308.68984 	5.05695 	14.46656 	20.49247
3000.00000 	308.72019 	4.68037 	14.99974 	20.50205
3100.00000 	308.94680 	4.34748 	15.49986 	20.50192
3200.00000 	309.31909 	4.05137 	15.99965 	20.50073
3300.00000 	309.89515 	3.65717 	16.50231 	20.50274
3400.00000 	310.74059 	3.15427 	17.00144 	20.50016
3500.00000 	311.49735 	2.75703 	17.49994 	20.50429
3600.00000 	311.51166 	2.68515 	17.99834 	20.50151
3700.00000 	311.52301 	2.61514 	18.49978 	20.50286
3800.00000 	311.54016 	2.54654 	19.00088 	20.50472
3900.00000 	311.58041 	2.48013 	19.50167 	20.50025
4000.00000 	311.61838 	2.41546 	20.00202 	20.50398
4100.00000 	311.66255 	2.35210 	20.50192 	20.50192
4200.00000 	311.73118 	2.29080 	21.00133 	20.50149
4300.00000 	311.79829 	2.23112 	21.50023 	20.50304
4400.00000 	311.88747 	2.17303 	22.00220 	20.50303
4500.00000 	311.97185 	2.11611 	22.49982 	20.50200
4600.00000 	312.07099 	2.06108 	23.00040 	20.49981
4700.00000 	312.19336 	2.00753 	23.50034 	20.50066
4800.00000 	312.32762 	1.95543 	24.00321 	20.50068
4900.00000 	312.44582 	1.90596 	24.50147 	20.50095
5000.00000 	312.60480 	1.85661 	25.00257 	20.50082
5100.00000 	312.76492 	1.80862 	25.49890 	20.50164
5200.00000 	312.95060 	1.76193 	26.00156 	20.49798
5300.00000 	313.13294 	1.71620 	26.49982 	20.50356
5400.00000 	313.33488 	1.67207 	27.00029 	20.50176
5500.00000 	313.56403 	1.62916 	27.50343 	20.50043
5600.00000 	313.73597 	1.57408 	28.00151 	20.50152
5700.00000 	313.76810 	1.49100 	28.50220 	20.50354
5800.00000 	313.81659 	1.41225 	29.00128 	20.50367
5900.00000 	313.86926 	1.33820 	29.50291 	20.50505
6000.00000 	313.95177 	1.26690 	30.00282 	20.50493
6100.00000 	314.02640 	1.19883 	30.37626 	20.50448
6200.00000 	314.11960 	1.13439 	30.75496 	20.50325
6300.00000 	314.21764 	1.07385 	31.13107 	20.50378
6400.00000 	314.34810 	1.01563 	31.50455 	20.50623
6500.00000 	314.45857 	0.96010 	31.87897 	20.50524
6600.00000 	314.61554 	0.90759 	32.25071 	20.50642
6700.00000 	314.76551 	0.85832 	32.62768 	20.50701
6800.00000 	314.93813 	0.81099 	33.00554 	20.50420
6900.00000 	315.11693 	0.76589 	33.38068 	20.50382
7000.00000 	315.31080 	0.72313 	33.75307 	20.50606
7100.00000 	315.52978 	0.68339 	34.12628 	20.50514
7200.00000 	315.75581 	0.64492 	34.50470 	20.50368
7300.00000 	317.96805 	0.72811 	34.88033 	20.50511
7400.00000 	318.64657 	0.66873 	35.25674 	20.50344
7500.00000 	319.33024 	0.61378 	35.63032 	20.50490
7600.00000 	320.07254 	0.57381 	36.00464 	20.50338
7700.00000 	320.81153 	0.56657 	36.37609 	20.50524
7800.00000 	321.58296 	0.55950 	36.75273 	20.50675
7900.00000 	327.11050 	0.45582 	37.13008 	20.50536
8000.00000 	327.05538 	0.42990 	37.50452 	20.50761
8100.00000 	326.99768 	0.40574 	37.87963 	20.50708
8200.00000 	326.93762 	0.38235 	38.25539 	20.50376
8300.00000 	326.91599 	0.36067 	38.62820 	20.50440
8400.00000 	326.89280 	0.33979 	39.00619 	20.50477
8500.00000 	326.86752 	0.32026 	39.37665 	20.50692
8600.00000 	326.86926 	0.30186 	39.75585 	20.50195
8700.00000 	326.86914 	0.28407 	40.12848 	20.50827
8800.00000 	326.91155 	0.26761 	40.50527 	20.50507
8900.00000 	326.95446 	0.25178 	40.87904 	20.50641
9000.00000 	326.99592 	0.23700 	41.25337 	20.50528
9100.00000 	327.06875 	0.22286 	41.62823 	20.50168
9200.00000 	327.17173 	0.20973 	42.00466 	20.50519
9300.00000 	327.25974 	0.19726 	42.37698 	20.50409
9400.00000 	327.38223 	0.18535 	42.75445 	20.50285
9500.00000 	327.50425 	0.17424 	43.12884 	20.50676
9600.00000 	327.66304 	0.16364 	43.50372 	20.50841
9700.00000 	327.85582 	0.15381 	43.87909 	20.50779
9800.00000 	327.98012 	0.14375 	44.25492 	20.50491
9900.00000 	327.98524 	0.13267 	44.62764 	20.50755
10000.00000 	327.96775 	0.12233 	45.00081 	20.50805
10100.00000 	327.99851 	0.11278 	45.00081 	20.50805
10200.00000 	328.04304 	0.10392 	45.00081 	20.50805
10300.00000 	328.10187 	0.09581 	45.00081 	20.50805
10400.00000 	328.13798 	0.08815 	45.00081 	20.50805
10500.00000 	328.22646 	0.08109 	45.00081 	20.50805
10600.00000 	328.33091 	0.07456 	45.00081 	20.50805
10700.00000 	328.42771 	0.06848 	45.00081 	20.50805
10800.00000 	328.56544 	0.06290 	45.00081 	20.50805
10900.00000 	328.72110 	0.05773 	45.00081 	20.50805
11000.00000 	328.89543 	0.05296 	45.00081 	20.50805
11100.00000 	329.04722 	0.04854 	45.00081 	20.50805
11200.00000 	329.26050 	0.04448 	45.00081 	20.50805
11300.00000 	329.49487 	0.04073 	45.00081 	20.50805
11400.00000 	329.70702 	0.03731 	45.00081 	20.50805
11500.00000 	329.98553 	0.03413 	45.00081 	20.50805
11600.00000 	330.28801 	0.03121 	45.00081 	20.50805
11700.00000 	330.61554 	0.02851 	45.00081 	20.50805
11800.00000 	330.93747 	0.02599 	45.00081 	20.50805
11900.00000 	331.53758 	0.02294 	45.00081 	20.50805
12000.00000 	332.11219 	0.02023 	45.00081 	20.50805
12100.00000 	332.76018 	0.01780 	45.00081 	20.50805
12200.00000 	333.38277 	0.01564 	45.00081 	20.50805
12300.00000 	334.27415 	0.01393 	45.00081 	20.50805
12400.00000 	337.03493 	0.01395 	45.00081 	20.50805
12500.00000 	338.11309 	0.01397 	45.00081 	20.50805
12600.00000 	339.27582 	0.01398 	45.00081 	20.50805
12700.00000 	340.47292 	0.01454 	45.00081 	20.50805
12800.00000 	341.97444 	0.01461 	45.00081 	20.50805
12900.00000 	343.79431 	0.01512 	45.00081 	20.50805
13000.00000 	346.58451 	0.01668 	45.00081 	20.50805
13100.00000 	349.56863 	0.01876 	45.00081 	20.50805
13200.00000 	351.87023 	0.02001 	45.00081 	20.50805
13300.00000 	354.43489 	0.02170 	45.00081 	20.50805
13400.00000 	357.40580 	0.02420 	45.00081 	20.50805
13500.00000 	360.83731 	0.02781 	45.00081 	20.50805
13600.00000 	364.54545 	0.03250 	45.00081 	20.50805
13700.00000 	369.52344 	0.04128 	45.00081 	20.50805
13800.00000 	373.07678 	0.04765 	45.00081 	20.50805
13900.00000 	375.24339 	0.05007 	45.00081 	20.50805
14000.00000 	377.44830 	0.05256 	45.00081 	20.50805
14100.00000 	379.69289 	0.05525 	43.75045 	20.50352
14200.00000 	381.97861 	0.05802 	42.50036 	20.50888
14300.00000 	384.30698 	0.06101 	41.25337 	20.50528
14400.00000 	386.02546 	0.01435 	40.00268 	20.50566
14500.00000 	387.42133 	0.01436 	38.74871 	20.50773
14600.00000 	388.86470 	0.01435 	37.50001 	20.50514
14700.00000 	390.41045 	0.01438 	36.24981 	20.50916
14800.00000 	391.91782 	0.01440 	34.99770 	20.50840
14900.00000 	393.43979 	0.01441 	33.75307 	20.50606
15000.00000 	395.09117 	0.01445 	32.50047 	20.50627
15100.00000 	396.70279 	0.01448 	31.24925 	20.51131
15200.00000 	398.33266 	0.01450 	29.99924 	20.51016
15300.00000 	400.01927 	0.01454 	28.75180 	20.50846
15400.00000 	401.55707 	0.01455 	27.49986 	20.50523
15500.00000 	403.00345 	0.01456 	26.24886 	20.50785
15600.00000 	404.49863 	0.01455 	24.99899 	20.50519
15700.00000 	406.02491 	0.01456 	23.74787 	20.50585
15800.00000 	407.67590 	0.01459 	22.50005 	20.50939
15900.00000 	409.26979 	0.01459 	21.24862 	20.50523
16000.00000 	410.89831 	0.01461 	19.99844 	20.50748
16100.00000 	412.85936 	0.01468 	19.99844 	20.50748
16200.00000 	414.82219 	0.01474 	19.99844 	20.50748
16300.00000 	416.81043 	0.01480 	19.99844 	20.50748
16400.00000 	418.82451 	0.01487 	19.99844 	20.50748
16500.00000 	420.85180 	0.01494 	19.99844 	20.50748
16600.00000 	422.89180 	0.01500 	19.99844 	20.50748
16700.00000 	424.95763 	0.01507 	19.99844 	20.50748
16800.00000 	427.03566 	0.01514 	19.99844 	20.50748
16900.00000 	429.12524 	0.01521 	19.99844 	20.50748
17000.00000 	431.24038 	0.01528 	19.99844 	20.50748
17100.00000 	433.38138 	0.01536 	19.99844 	20.50748
17200.00000 	435.53313 	0.01543 	19.99844 	20.50748
17300.00000 	437.69480 	0.01551 	19.99844 	20.50748
17400.00000 	439.89785 	0.01559 	19.99844 	20.50748
17500.00000 	442.11052 	0.01566 	19.99844 	20.50748
17600.00000 	444.33181 	0.01574 	19.99844 	20.50748
17700.00000 	446.59549 	0.01582 	19.99844 	20.50748
17800.00000 	448.86726 	0.01591 	19.99844 	20.50748
17900.00000 	451.16426 	0.01599 	19.99844 	20.50748
18000.00000 	453.46781 	0.01607 	19.99844 	20.50748
18100.00000 	455.81503 	0.01616 	19.99844 	20.50748
18200.00000 	458.16793 	0.01625 	19.99844 	20.50748
18300.00000 	460.54526 	0.01634 	19.99844 	20.50748
18400.00000 	462.94695 	0.01643 	19.99844 	20.50748
18500.00000 	465.37292 	0.01652 	19.99844 	20.50748
18600.00000 	467.82304 	0.01661 	19.99844 	20.50748
18700.00000 	470.29713 	0.01671 	19.99844 	20.50748
18800.00000 	472.79498 	0.01681 	19.99844 	20.50748
18900.00000 	475.31633 	0.01691 	19.99844 	20.50748
19000.00000 	477.86088 	0.01701 	19.99844 	20.50748
19100.00000 	480.42825 	0.01711 	19.99844 	20.50748
19200.00000 	483.01803 	0.01721 	19.99844 	20.50748
19300.00000 	485.62974 	0.01732 	19.99844 	20.50748
19400.00000 	488.28966 	0.01743 	19.99844 	20.50748
19500.00000 	490.94419 	0.01753 	19.99844 	20.50748
19600.00000 	493.64709 	0.01765 	19.99844 	20.50748
19700.00000 	496.37079 	0.01776 	19.99844 	20.50748
19800.00000 	499.11448 	0.01787 	19.99844 	20.50748
19900.00000 	501.87728 	0.01799 	19.99844 	20.50748
20000.00000 	504.68969 	0.01811 	19.99844 	20.50748
