%TITLE%
 IDEAL	010101/1200

   LEVEL	HGHT	TEMP	DWPT	WDIR	WSPD
------------------------------------------------------------------
%RAW%
 976.70,  0.00,  31.11,  22.22,  194.68,  8.44
 965.80,  100.00,  28.73,  21.86,  188.49,  11.22
 955.10,  200.00,  28.44,  21.21,  187.07,  12.65
 944.40,  300.00,  28.14,  20.69,  188.42,  13.67
 933.90,  400.00,  27.68,  20.28,  190.97,  14.52
 923.40,  500.00,  27.08,  19.95,  194.17,  15.26
 913.10,  600.00,  26.35,  19.66,  195.76,  15.82
 902.80,  700.00,  25.48,  19.39,  199.37,  16.39
 892.60,  800.00,  24.55,  19.11,  205.12,  17.20
 882.50,  900.00,  23.63,  18.78,  213.67,  18.70
 872.50,  1000.00,  22.72,  18.41,  221.59,  20.04
 862.50,  1100.00,  21.88,  18.05,  228.91,  21.15
 852.70,  1200.00,  21.12,  17.70,  235.59,  21.93
 842.90,  1300.00,  20.30,  17.28,  240.87,  21.93
 833.20,  1400.00,  19.53,  16.87,  245.71,  22.39
 823.60,  1500.00,  18.79,  16.45,  250.17,  23.19
 814.10,  1600.00,  18.06,  15.83,  254.13,  23.62
 804.70,  1700.00,  17.26,  15.46,  257.33,  23.99
 795.30,  1800.00,  16.42,  15.16,  260.06,  24.26
 786.10,  1900.00,  15.97,  12.06,  265.15,  23.97
 776.90,  2000.00,  15.68,  8.68,  271.09,  23.89
 767.80,  2100.00,  15.55,  5.01,  277.88,  24.12
 758.80,  2200.00,  15.13,  3.53,  286.72,  24.01
 749.90,  2300.00,  14.57,  2.53,  295.30,  24.32
 741.10,  2400.00,  13.76,  2.18,  303.10,  24.96
 732.30,  2500.00,  12.93,  1.73,  308.12,  25.76
 723.60,  2600.00,  12.07,  1.27,  311.78,  26.63
 715.00,  2700.00,  11.23,  1.02,  312.24,  27.78
 706.50,  2800.00,  10.37,  0.85,  312.22,  28.83
 698.10,  2900.00,  9.49,  0.79,  311.53,  29.76
 689.70,  3000.00,  8.61,  0.75,  310.35,  30.62
 681.40,  3100.00,  7.74,  0.70,  308.99,  31.49
 673.20,  3200.00,  6.93,  0.61,  308.16,  32.27
 665.00,  3300.00,  6.14,  0.42,  307.23,  33.12
 657.00,  3400.00,  5.41, -0.09,  306.06,  34.25
 649.00,  3500.00,  4.68, -0.58,  305.55,  35.38
 641.10,  3600.00,  3.96, -1.07,  305.72,  36.52
 633.30,  3700.00,  3.27, -2.13,  306.08,  36.93
 625.50,  3800.00,  2.60, -3.45,  306.52,  37.03
 617.80,  3900.00,  2.04, -5.34,  306.94,  37.26
 610.30,  4000.00,  1.55, -7.58,  307.36,  37.61
 602.70,  4100.00,  1.06, -9.82,  307.77,  37.94
 595.20,  4200.00,  0.58, -12.07,  308.18,  38.29
 587.90,  4300.00,  0.03, -12.96,  308.46,  38.45
 580.60,  4400.00, -0.53, -13.73,  308.73,  38.60
 573.40,  4500.00, -1.08, -14.51,  309.00,  38.74
 566.10,  4600.00, -1.63, -15.28,  309.27,  38.90
 559.10,  4700.00, -2.24, -15.73,  309.53,  39.03
 552.20,  4800.00, -2.87, -16.08,  309.80,  39.19
 545.30,  4900.00, -3.49, -16.43,  310.06,  39.34
 538.40,  5000.00, -4.12, -16.78,  310.32,  39.48
 531.50,  5100.00, -4.74, -17.13,  310.58,  39.63
 524.90,  5200.00, -5.40, -17.60,  310.51,  39.83
 518.40,  5300.00, -6.07, -18.11,  310.37,  40.02
 512.00,  5400.00, -6.73, -18.61,  310.22,  40.22
 505.50,  5500.00, -7.40, -19.11,  310.08,  40.41
 499.00,  5600.00, -8.07, -19.62,  309.94,  40.61
 492.60,  5700.00, -8.73, -20.12,  309.79,  40.80
 486.10,  5800.00, -9.40, -20.63,  309.65,  41.00
 479.60,  5900.00, -10.06, -21.13,  309.50,  41.21
 473.60,  6000.00, -10.76, -22.07,  309.46,  41.23
 467.70,  6100.00, -11.48, -23.20,  309.45,  41.17
 461.80,  6200.00, -12.19, -24.32,  309.44,  41.11
 455.90,  6300.00, -12.91, -25.45,  309.43,  41.05
 450.00,  6400.00, -13.62, -26.58,  309.43,  41.00
 444.10,  6500.00, -14.34, -27.70,  309.42,  40.96
 438.20,  6600.00, -15.06, -28.83,  309.41,  40.90
 432.30,  6700.00, -15.77, -29.96,  309.41,  40.84
 426.40,  6800.00, -16.49, -31.08,  309.40,  40.78
 420.50,  6900.00, -17.20, -32.21,  309.39,  40.72
 415.10,  7000.00, -17.97, -33.26,  309.77,  40.59
 409.80,  7100.00, -18.76, -34.29,  310.25,  40.41
 404.60,  7200.00, -19.54, -35.31,  310.74,  40.26
 399.30,  7300.00, -20.33, -36.34,  311.22,  40.10
 394.10,  7400.00, -21.11, -37.37,  311.71,  39.93
 388.80,  7500.00, -21.90, -38.40,  312.19,  39.77
 383.50,  7600.00, -22.68, -39.42,  312.68,  39.62
 378.30,  7700.00, -23.47, -40.45,  313.16,  39.48
 373.00,  7800.00, -24.25, -41.48,  313.65,  39.32
 367.70,  7900.00, -25.04, -42.51,  314.14,  39.17
 362.50,  8000.00, -25.82, -43.53,  314.62,  39.03
 357.20,  8100.00, -26.61, -44.56,  315.11,  38.90
 352.50,  8200.00, -27.39, -45.70,  315.66,  38.95
 347.80,  8300.00, -28.17, -46.86,  316.22,  39.07
 343.20,  8400.00, -28.95, -48.03,  316.79,  39.19
 338.50,  8500.00, -29.74, -49.19,  317.35,  39.32
 333.90,  8600.00, -30.52, -50.35,  317.92,  39.44
 329.20,  8700.00, -31.30, -51.52,  318.48,  39.58
 324.60,  8800.00, -32.08, -52.68,  319.05,  39.71
 319.90,  8900.00, -32.86, -53.84,  319.62,  39.85
 315.30,  9000.00, -33.64, -55.01,  320.18,  39.98
 310.60,  9100.00, -34.42, -56.17,  320.75,  40.14
 306.00,  9200.00, -35.21, -57.34,  321.31,  40.30
 301.60,  9300.00, -35.98, -58.36,  321.87,  40.49
 297.40,  9400.00, -36.74, -59.20,  322.42,  40.76
 293.30,  9500.00, -37.49, -60.04,  322.97,  41.03
 289.20,  9600.00, -38.25, -60.88,  323.53,  41.31
 285.00,  9700.00, -39.01, -61.72,  324.08,  41.58
 280.90,  9800.00, -39.77, -62.56,  324.63,  41.87
 276.80,  9900.00, -40.53, -63.40,  325.18,  42.16
 272.60,  10000.00, -41.29, -64.24,  325.73,  42.45
 268.50,  10100.00, -42.04, -65.08,  326.28,  42.75
 264.40,  10200.00, -42.80, -65.91,  326.83,  43.04
 260.50,  10300.00, -43.47, -66.79,  327.43,  43.33
 256.80,  10400.00, -44.12, -67.67,  328.04,  43.60
 253.00,  10500.00, -44.77, -68.55,  328.64,  43.89
 249.20,  10600.00, -45.42, -69.44,  329.25,  44.18
 245.50,  10700.00, -46.07, -70.32,  329.85,  44.49
 241.70,  10800.00, -46.72, -71.20,  330.46,  44.81
 238.00,  10900.00, -47.31, -71.72,  330.77,  44.86
 234.50,  11000.00, -47.83, -71.82,  330.76,  44.67
 231.00,  11100.00, -48.36, -71.93,  330.75,  44.48
 227.50,  11200.00, -48.88, -72.03,  330.74,  44.26
 224.00,  11300.00, -49.40, -72.14,  330.67,  44.03
 220.60,  11400.00, -49.81, -72.24,  330.02,  43.31
 217.30,  11500.00, -50.23, -72.35,  329.36,  42.59
 213.90,  11600.00, -50.64, -72.45,  328.71,  41.87
 210.70,  11700.00, -51.09, -72.55,  327.91,  41.33
 207.50,  11800.00, -51.54, -72.66,  327.06,  40.86
 204.30,  11900.00, -51.99, -72.76,  326.20,  40.39
 201.10,  12000.00, -52.44, -72.87,  325.34,  39.95
 198.10,  12100.00, -52.99, -72.97,  324.38,  39.73
 195.10,  12200.00, -53.54, -73.08,  323.41,  39.52
 192.00,  12300.00, -54.08, -73.18,  322.44,  39.32
 189.00,  12400.00, -54.63, -73.29,  321.48,  39.15
 186.10,  12500.00, -55.21, -73.39,  319.82,  38.82
 183.30,  12600.00, -55.80, -73.50,  317.95,  38.49
 180.40,  12700.00, -56.40, -73.60,  316.08,  38.20
 177.60,  12800.00, -56.99, -73.71,  314.21,  37.92
 174.70,  12900.00, -57.58, -73.82,  312.34,  37.71
 172.00,  13000.00, -58.04, -73.92,  311.45,  38.00
 169.30,  13100.00, -58.48, -74.02,  310.72,  38.37
 166.60,  13200.00, -58.93, -74.13,  310.00,  38.74
 164.00,  13300.00, -59.37, -74.23,  309.27,  39.13
 161.30,  13400.00, -59.77, -74.34,  308.92,  39.42
 158.80,  13500.00, -60.09, -74.44,  309.31,  39.56
 156.30,  13600.00, -60.41, -74.55,  309.71,  39.67
 153.90,  13700.00, -60.73, -74.65,  310.10,  39.81
 151.40,  13800.00, -61.05, -74.76,  310.49,  39.95
 148.90,  13900.00, -61.36, -74.86,  310.87,  40.06
 146.60,  14000.00, -61.59, -74.97,  311.06,  40.14
 144.20,  14100.00, -61.81, -75.08,  311.26,  40.22
 141.90,  14200.00, -62.04, -75.18,  311.45,  40.28
 139.60,  14300.00, -62.26, -75.29,  311.64,  40.35
 137.30,  14400.00, -62.49, -75.40,  311.83,  40.41
 135.20,  14500.00, -62.54, -75.50,  312.08,  40.51
 133.10,  14600.00, -62.51, -75.61,  312.35,  40.63
 131.00,  14700.00, -62.49, -75.71,  312.62,  40.72
 128.90,  14800.00, -62.46, -75.82,  312.90,  40.82
 126.80,  14900.00, -62.43, -75.93,  313.17,  40.94
 124.70,  15000.00, -62.40, -76.03,  313.44,  41.05
 122.60,  15100.00, -62.37, -76.14,  313.72,  41.15
 120.60,  15200.00, -62.17, -76.24,  315.95,  40.18
 118.80,  15300.00, -61.81, -76.35,  320.04,  38.25
 116.90,  15400.00, -61.45, -76.46,  324.12,  36.49
 115.00,  15500.00, -61.09, -76.56,  328.21,  34.87
 113.20,  15600.00, -60.73, -76.67,  332.29,  33.45
 111.30,  15700.00, -60.37, -76.78,  336.38,  32.27
 109.50,  15800.00, -60.12, -76.88,  338.17,  31.14
 107.90,  15900.00, -60.03, -76.99,  336.64,  29.88
 106.30,  16000.00, -59.93, -77.09,  335.12,  28.63
%END%
