%TITLE%
 IDEAL	010101/1200

   LEVEL	HGHT	TEMP	DWPT	WDIR	WSPD
------------------------------------------------------------------
%RAW%
 979.40,  0.00,  17.78,  16.11,  180.00,  7.19
 968.10,  100.00,  17.65,  16.18,  180.44,  13.70
 956.80,  200.00,  17.27,  15.84,  184.16,  16.31
 945.70,  300.00,  17.10,  15.41,  194.15,  16.78
 934.80,  400.00,  16.86,  14.95,  204.96,  16.93
 923.90,  500.00,  16.54,  14.46,  216.68,  17.79
 913.10,  600.00,  16.16,  13.97,  230.78,  21.05
 902.40,  700.00,  15.79,  12.63,  236.56,  24.14
 891.90,  800.00,  15.22,  11.04,  241.29,  25.83
 881.40,  900.00,  14.49,  9.41,  245.29,  26.48
 871.10,  1000.00,  13.76,  8.08,  247.85,  26.73
 860.80,  1100.00,  12.99,  7.25,  248.46,  26.98
 850.60,  1200.00,  12.15,  6.68,  249.16,  27.02
 840.50,  1300.00,  11.24,  6.32,  250.52,  26.79
 830.50,  1400.00,  10.33,  5.98,  253.76,  26.59
 820.60,  1500.00,  9.43,  5.33,  257.03,  27.02
 810.70,  1600.00,  8.56,  4.45,  260.14,  27.95
 801.00,  1700.00,  7.81,  3.51,  261.84,  29.14
 791.30,  1800.00,  7.07,  2.94,  262.51,  31.08
 781.70,  1900.00,  6.36,  2.62,  262.73,  33.43
 772.30,  2000.00,  5.76,  2.46,  263.80,  35.67
 762.90,  2100.00,  5.10,  2.27,  264.45,  37.44
 753.60,  2200.00,  4.36,  2.06,  264.80,  38.90
 744.40,  2300.00,  3.33,  1.87,  264.42,  40.06
 735.30,  2400.00,  2.52,  0.62,  265.07,  42.18
 726.30,  2500.00,  1.91, -1.61,  266.67,  45.25
 717.50,  2600.00,  1.22, -2.87,  267.16,  46.79
 708.80,  2700.00,  0.51, -3.76,  267.25,  47.76
 700.10,  2800.00, -0.19, -4.65,  267.34,  48.71
 691.40,  2900.00, -0.90, -5.54,  267.42,  49.67
 682.70,  3000.00, -1.61, -6.43,  267.51,  50.62
 674.00,  3100.00, -2.32, -7.32,  267.59,  51.57
 665.40,  3200.00, -3.03, -8.11,  267.50,  52.41
 657.30,  3300.00, -3.72, -8.55,  266.85,  52.85
 649.10,  3400.00, -4.42, -9.00,  266.20,  53.30
 641.00,  3500.00, -5.11, -9.44,  265.55,  53.75
 632.90,  3600.00, -5.81, -9.89,  264.90,  54.21
 624.70,  3700.00, -6.50, -10.34,  264.25,  54.70
 616.60,  3800.00, -7.20, -10.78,  263.59,  55.17
 608.70,  3900.00, -7.81, -11.02,  262.36,  55.71
 601.00,  4000.00, -8.37, -11.12,  260.78,  56.33
 593.30,  4100.00, -8.93, -11.22,  259.21,  56.99
 585.60,  4200.00, -9.49, -11.33,  257.63,  57.69
 578.00,  4300.00, -10.01, -11.54,  256.50,  58.39
 570.70,  4400.00, -10.51, -11.85,  255.81,  59.05
 563.30,  4500.00, -11.00, -12.17,  255.13,  59.75
 555.90,  4600.00, -11.50, -12.48,  254.44,  60.43
 548.80,  4700.00, -12.10, -13.13,  254.43,  60.65
 541.70,  4800.00, -12.71, -13.81,  254.51,  60.80
 534.70,  4900.00, -13.32, -14.50,  254.59,  60.94
 527.60,  5000.00, -13.94, -15.19,  254.66,  61.09
 520.60,  5100.00, -14.56, -15.89,  254.81,  61.25
 514.00,  5200.00, -15.26, -16.64,  255.38,  61.43
 507.30,  5300.00, -15.95, -17.40,  255.95,  61.62
 500.70,  5400.00, -16.64, -18.15,  256.52,  61.81
 494.00,  5500.00, -17.34, -18.91,  257.09,  62.01
 487.40,  5600.00, -18.03, -19.66,  257.66,  62.22
 480.70,  5700.00, -18.72, -20.41,  258.23,  62.44
 474.40,  5800.00, -19.41, -21.23,  259.10,  62.59
 468.10,  5900.00, -20.10, -22.05,  260.03,  62.75
 461.90,  6000.00, -20.78, -22.88,  260.97,  62.92
 455.60,  6100.00, -21.47, -23.71,  261.91,  63.12
 449.40,  6200.00, -22.16, -24.54,  262.85,  63.33
 443.20,  6300.00, -22.85, -25.37,  263.77,  63.56
 437.40,  6400.00, -23.64, -26.24,  264.54,  63.99
 431.60,  6500.00, -24.43, -27.11,  265.31,  64.44
 425.90,  6600.00, -25.22, -27.98,  266.08,  64.89
 420.10,  6700.00, -26.01, -28.85,  266.85,  65.35
 414.30,  6800.00, -26.79, -29.72,  267.63,  65.84
 408.50,  6900.00, -27.58, -30.59,  268.40,  66.32
 402.70,  7000.00, -28.37, -31.46,  269.17,  66.83
 396.90,  7100.00, -29.16, -32.33,  269.94,  67.33
 391.50,  7200.00, -29.98, -33.21,  270.42,  67.88
 386.30,  7300.00, -30.84, -34.11,  270.60,  68.46
 381.10,  7400.00, -31.69, -35.01,  270.79,  69.05
 376.00,  7500.00, -32.55, -35.91,  270.97,  69.63
 370.80,  7600.00, -33.40, -36.81,  271.15,  70.21
 365.60,  7700.00, -34.26, -37.71,  271.34,  70.79
 360.50,  7800.00, -35.11, -38.60,  271.52,  71.38
 355.30,  7900.00, -35.97, -39.50,  271.71,  71.98
 350.10,  8000.00, -36.82, -40.40,  271.89,  72.56
 345.00,  8100.00, -37.68, -41.30,  272.07,  73.15
 339.80,  8200.00, -38.54, -42.20,  272.26,  73.73
 334.70,  8300.00, -39.39, -43.10,  272.44,  74.33
 329.50,  8400.00, -40.25, -44.00,  272.62,  74.92
 324.70,  8500.00, -41.06, -44.87,  272.52,  75.54
 320.10,  8600.00, -41.85, -45.73,  272.33,  76.16
 315.50,  8700.00, -42.65, -46.60,  272.13,  76.78
 310.90,  8800.00, -43.44, -47.46,  271.93,  77.42
 306.30,  8900.00, -44.24, -48.33,  271.73,  78.05
 301.70,  9000.00, -45.03, -49.19,  271.54,  78.67
 297.10,  9100.00, -45.83, -50.06,  271.34,  79.31
 292.50,  9200.00, -46.62, -50.92,  271.14,  79.95
 288.20,  9300.00, -47.31, -51.59,  271.01,  80.47
 284.00,  9400.00, -47.97, -52.22,  270.88,  80.98
 279.80,  9500.00, -48.63, -52.85,  270.76,  81.49
 275.50,  9600.00, -49.29, -53.48,  270.64,  82.01
 271.30,  9700.00, -49.95, -54.11,  270.52,  82.52
 267.10,  9800.00, -50.61, -54.74,  270.39,  83.02
 262.90,  9900.00, -51.26, -55.37,  270.27,  83.53
 258.90,  10000.00, -51.59, -56.74,  270.09,  83.53
 254.90,  10100.00, -51.92, -58.11,  269.91,  83.53
 251.00,  10200.00, -52.25, -59.48,  269.73,  83.53
 247.20,  10300.00, -52.21, -61.54,  269.60,  82.87
 243.30,  10400.00, -52.16, -63.61,  269.46,  82.19
 239.60,  10500.00, -51.93, -68.33,  269.37,  80.82
 235.90,  10600.00, -51.52, -71.78,  268.96,  78.06
 232.30,  10700.00, -50.71, -71.88,  267.39,  72.23
 228.80,  10800.00, -50.07, -72.00,  264.37,  67.74
 225.40,  10900.00, -50.30, -72.10,  260.98,  68.35
 221.90,  11000.00, -50.52, -72.20,  257.59,  69.18
 218.50,  11100.00, -50.74, -72.30,  255.49,  70.23
 215.20,  11200.00, -50.94, -72.41,  255.45,  71.30
 211.90,  11300.00, -51.14, -72.51,  255.41,  72.37
 208.70,  11400.00, -51.11, -72.62,  255.87,  73.59
 205.50,  11500.00, -51.04, -72.73,  256.32,  74.86
 202.30,  11600.00, -50.70, -72.83,  256.12,  75.98
 199.30,  11700.00, -50.53, -72.93,  256.52,  75.75
 196.20,  11800.00, -50.47, -73.03,  257.39,  74.49
 193.30,  11900.00, -50.40, -73.14,  258.26,  73.32
 190.30,  12000.00, -50.31, -73.24,  259.13,  72.17
 187.40,  12100.00, -50.24, -73.34,  259.73,  71.32
 184.60,  12200.00, -50.18, -73.45,  259.90,  70.89
 181.80,  12300.00, -50.12, -73.55,  260.06,  70.46
 179.00,  12400.00, -50.07, -73.66,  260.23,  70.04
 176.30,  12500.00, -50.06, -73.76,  261.03,  69.01
 173.70,  12600.00, -50.06, -73.86,  261.94,  67.90
 171.00,  12700.00, -50.06, -73.96,  262.84,  66.81
 168.40,  12800.00, -50.06, -74.06,  263.75,  65.74
 165.90,  12900.00, -50.08, -74.16,  264.46,  64.57
 163.50,  13000.00, -50.13, -74.26,  264.99,  63.33
 161.10,  13100.00, -50.18, -74.37,  265.52,  62.09
 158.60,  13200.00, -50.23, -74.47,  266.05,  60.86
 156.20,  13300.00, -50.28, -74.57,  266.57,  59.62
 153.80,  13400.00, -50.33, -74.67,  267.10,  58.39
 151.40,  13500.00, -50.37, -74.78,  267.63,  57.17
 149.00,  13600.00, -50.42, -74.88,  268.16,  55.96
 146.70,  13700.00, -50.51, -74.98,  268.46,  54.91
 144.60,  13800.00, -50.77, -75.08,  267.83,  54.51
 142.50,  13900.00, -51.04, -75.18,  267.20,  54.10
 140.50,  14000.00, -51.30, -75.28,  266.57,  53.69
 138.40,  14100.00, -51.56, -75.38,  265.94,  53.30
 136.30,  14200.00, -51.83, -75.48,  265.31,  52.91
 134.20,  14300.00, -52.09, -75.59,  264.68,  52.52
 132.10,  14400.00, -52.35, -75.69,  264.05,  52.15
 130.10,  14500.00, -52.61, -75.79,  263.41,  51.78
 128.00,  14600.00, -52.88, -75.89,  262.78,  51.43
 125.90,  14700.00, -53.14, -75.99,  262.15,  51.06
 123.80,  14800.00, -53.40, -76.09,  261.52,  50.71
 121.90,  14900.00, -53.59, -76.19,  261.20,  50.17
 120.20,  15000.00, -53.66, -76.29,  261.31,  49.30
 118.40,  15100.00, -53.73, -76.39,  261.42,  48.40
 116.70,  15200.00, -53.80, -76.49,  261.53,  47.53
 115.00,  15300.00, -53.87, -76.59,  261.64,  46.65
 113.20,  15400.00, -53.94, -76.69,  261.75,  45.78
 111.50,  15500.00, -54.01, -76.79,  261.86,  44.90
 109.80,  15600.00, -54.07, -76.89,  261.97,  44.03
 108.10,  15700.00, -54.14, -76.99,  262.09,  43.15
 106.30,  15800.00, -54.21, -77.09,  262.20,  42.28
 104.60,  15900.00, -54.28, -77.20,  262.31,  41.40
 102.90,  16000.00, -54.35, -77.30,  262.42,  40.53
%END%
