951.30000 	307.50746 	15.87321
0.00000 	307.50528 	15.87321 	-0.00000 	0.00000
100.00000 	308.51249 	14.93887 	-0.00000 	2.75228
200.00000 	308.95212 	15.10174 	-0.00000 	5.49941
300.00000 	309.51594 	14.92226 	0.53615 	9.47119
400.00000 	310.20560 	14.38988 	1.07133 	11.06540
500.00000 	310.86646 	13.88449 	1.60716 	12.25718
600.00000 	310.86834 	13.76019 	2.14179 	13.22381
700.00000 	310.88838 	13.63076 	2.67836 	14.05376
800.00000 	310.89651 	13.54535 	3.21428 	14.77917
900.00000 	310.90262 	13.48702 	3.75069 	15.42104
1000.00000 	310.91703 	13.43929 	4.28603 	15.99570
1100.00000 	310.91887 	13.35441 	4.82111 	16.51902
1200.00000 	310.92902 	13.28024 	5.35714 	16.99067
1300.00000 	310.98982 	13.15345 	5.89348 	17.42154
1400.00000 	311.05921 	12.96656 	6.43012 	17.81157
1500.00000 	311.13760 	12.79181 	6.96617 	18.16644
1600.00000 	311.26748 	12.55104 	7.50121 	18.49178
1700.00000 	311.41645 	12.28730 	8.03659 	18.78698
1800.00000 	311.57574 	12.03109 	8.57059 	19.05265
1900.00000 	311.84056 	11.65818 	9.10716 	19.29248
2000.00000 	312.11503 	11.29490 	9.64395 	19.51305
2100.00000 	312.39039 	10.92157 	10.17867 	19.70393
2200.00000 	312.59704 	10.49054 	10.71483 	19.87466
2300.00000 	312.80302 	10.07539 	11.25157 	20.02549
2400.00000 	313.07438 	9.67557 	11.78548 	20.15228
2500.00000 	313.40891 	9.28794 	12.32172 	20.25770
2600.00000 	313.74379 	8.91478 	12.85877 	20.34842
2700.00000 	314.02200 	8.49427 	13.39400 	20.41370
2800.00000 	314.19829 	8.01656 	13.93227 	20.46228
2900.00000 	314.37196 	7.56225 	14.46656 	20.49247
3000.00000 	314.64582 	7.00935 	14.99974 	20.50205
3100.00000 	315.05257 	6.32914 	15.49986 	20.50192
3200.00000 	315.45802 	5.71215 	15.99965 	20.50073
3300.00000 	315.80800 	5.24233 	16.50231 	20.50274
3400.00000 	315.98304 	5.02260 	17.00144 	20.50016
3500.00000 	316.16892 	4.80782 	17.49994 	20.50429
3600.00000 	316.35453 	4.60851 	17.99834 	20.50151
3700.00000 	316.53374 	4.43891 	18.49978 	20.50286
3800.00000 	316.69768 	4.27774 	19.00088 	20.50472
3900.00000 	316.88767 	4.11964 	19.50167 	20.50025
4000.00000 	317.07050 	3.97183 	20.00202 	20.50398
4100.00000 	317.24926 	3.82839 	20.50192 	20.50192
4200.00000 	317.45500 	3.69049 	21.00133 	20.50149
4300.00000 	317.67632 	3.56716 	21.50023 	20.50304
4400.00000 	317.94486 	3.46399 	22.00220 	20.50303
4500.00000 	318.19782 	3.36318 	22.49982 	20.50200
4600.00000 	318.47504 	3.26272 	23.00040 	20.49981
4700.00000 	318.72682 	3.16848 	23.50034 	20.50066
4800.00000 	319.00757 	3.07751 	24.00321 	20.50068
4900.00000 	319.30117 	2.98915 	24.50147 	20.50095
5000.00000 	319.59060 	2.89815 	25.00257 	20.50082
5100.00000 	319.90616 	2.79753 	25.49890 	20.50164
5200.00000 	320.23472 	2.70027 	26.00156 	20.49798
5300.00000 	320.57669 	2.60837 	26.49982 	20.50356
5400.00000 	320.92628 	2.50876 	27.00029 	20.50176
5500.00000 	321.25233 	2.40389 	27.50343 	20.50043
5600.00000 	321.62288 	2.30171 	28.00151 	20.50152
5700.00000 	321.97615 	2.20497 	28.50220 	20.50354
5800.00000 	322.36120 	2.10808 	29.00128 	20.50367
5900.00000 	322.77808 	2.01138 	29.50291 	20.50505
6000.00000 	323.20943 	1.92041 	30.00282 	20.50493
6100.00000 	323.64319 	1.83174 	30.37626 	20.50448
6200.00000 	324.07160 	1.74649 	30.75496 	20.50325
6300.00000 	324.43536 	1.66277 	31.13107 	20.50378
6400.00000 	324.82600 	1.58277 	31.50455 	20.50623
6500.00000 	325.23140 	1.50765 	31.87897 	20.50524
6600.00000 	325.63926 	1.43336 	32.25071 	20.50642
6700.00000 	325.96700 	1.35707 	32.62768 	20.50701
6800.00000 	326.28664 	1.28422 	33.00554 	20.50420
6900.00000 	326.64344 	1.21527 	33.38068 	20.50382
7000.00000 	326.99244 	1.14844 	33.75307 	20.50606
7100.00000 	327.29407 	1.08571 	34.12628 	20.50514
7200.00000 	327.57350 	1.02496 	34.50470 	20.50368
7300.00000 	327.86739 	0.96734 	34.88033 	20.50511
7400.00000 	328.17625 	0.91355 	35.25674 	20.50344
7500.00000 	328.50060 	0.86174 	35.63032 	20.50490
7600.00000 	328.75041 	0.81071 	36.00464 	20.50338
7700.00000 	328.98923 	0.76226 	36.37609 	20.50524
7800.00000 	329.24254 	0.71647 	36.75273 	20.50675
7900.00000 	329.51085 	0.67323 	37.13008 	20.50536
8000.00000 	329.78119 	0.63239 	37.50452 	20.50761
8100.00000 	330.02647 	0.59351 	37.87963 	20.50708
8200.00000 	330.28674 	0.55683 	38.25539 	20.50376
8300.00000 	330.53443 	0.52208 	38.62820 	20.50440
8400.00000 	330.82587 	0.48901 	39.00619 	20.50477
8500.00000 	331.13395 	0.45833 	39.37665 	20.50692
8600.00000 	331.42635 	0.42818 	39.75585 	20.50195
8700.00000 	331.78986 	0.39986 	40.12848 	20.50827
8800.00000 	332.15604 	0.37290 	40.50527 	20.50507
8900.00000 	332.53930 	0.34796 	40.87904 	20.50641
9000.00000 	332.92303 	0.32413 	41.25337 	20.50528
9100.00000 	333.34189 	0.30222 	41.62823 	20.50168
9200.00000 	333.75374 	0.28053 	42.00466 	20.50519
9300.00000 	334.18277 	0.26027 	42.37698 	20.50409
9400.00000 	334.62959 	0.24136 	42.75445 	20.50285
9500.00000 	335.09483 	0.22396 	43.12884 	20.50676
9600.00000 	335.53038 	0.20742 	43.50372 	20.50841
9700.00000 	336.04837 	0.19229 	43.87909 	20.50779
9800.00000 	336.55303 	0.17991 	44.25492 	20.50491
9900.00000 	337.07618 	0.16828 	44.62764 	20.50755
10000.00000 	337.61848 	0.15735 	45.00081 	20.50805
10100.00000 	338.18062 	0.14708 	45.00081 	20.50805
10200.00000 	338.72541 	0.13738 	45.00081 	20.50805
10300.00000 	339.34366 	0.12847 	45.00081 	20.50805
10400.00000 	339.86098 	0.12095 	45.00081 	20.50805
10500.00000 	340.35843 	0.11445 	45.00081 	20.50805
10600.00000 	340.87528 	0.10827 	45.00081 	20.50805
10700.00000 	341.37106 	0.10237 	45.00081 	20.50805
10800.00000 	341.91302 	0.09670 	45.00081 	20.50805
10900.00000 	342.49169 	0.09143 	45.00081 	20.50805
11000.00000 	343.04948 	0.08640 	45.00081 	20.50805
11100.00000 	343.60034 	0.08217 	45.00081 	20.50805
11200.00000 	344.14304 	0.07838 	45.00081 	20.50805
11300.00000 	344.70637 	0.07476 	45.00081 	20.50805
11400.00000 	345.27555 	0.07130 	45.00081 	20.50805
11500.00000 	345.83529 	0.06796 	45.00081 	20.50805
11600.00000 	346.46438 	0.06480 	45.00081 	20.50805
11700.00000 	347.10164 	0.06179 	45.00081 	20.50805
11800.00000 	347.74561 	0.05896 	45.00081 	20.50805
11900.00000 	348.74215 	0.05878 	45.00081 	20.50805
12000.00000 	349.71249 	0.05858 	45.00081 	20.50805
12100.00000 	350.70717 	0.05839 	45.00081 	20.50805
12200.00000 	351.72707 	0.05815 	45.00081 	20.50805
12300.00000 	352.82752 	0.05802 	45.00081 	20.50805
12400.00000 	353.88544 	0.05787 	45.00081 	20.50805
12500.00000 	354.98773 	0.05774 	45.00081 	20.50805
12600.00000 	356.11927 	0.05762 	45.00081 	20.50805
12700.00000 	357.18943 	0.05657 	45.00081 	20.50805
12800.00000 	358.11915 	0.05467 	45.00081 	20.50805
12900.00000 	359.09055 	0.05284 	45.00081 	20.50805
13000.00000 	360.00940 	0.05098 	45.00081 	20.50805
13100.00000 	361.03280 	0.04927 	45.00081 	20.50805
13200.00000 	362.06744 	0.04763 	45.00081 	20.50805
13300.00000 	363.14803 	0.04604 	45.00081 	20.50805
13400.00000 	364.17506 	0.04448 	45.00081 	20.50805
13500.00000 	365.31605 	0.04300 	45.00081 	20.50805
13600.00000 	366.47260 	0.04158 	45.00081 	20.50805
13700.00000 	367.76083 	0.04080 	45.00081 	20.50805
13800.00000 	369.09310 	0.04027 	45.00081 	20.50805
13900.00000 	370.36310 	0.03967 	45.00081 	20.50805
14000.00000 	371.75230 	0.03912 	45.00081 	20.50805
14100.00000 	373.17225 	0.03858 	43.75045 	20.50352
14200.00000 	374.60645 	0.03805 	42.50036 	20.50888
14300.00000 	376.09128 	0.03754 	41.25337 	20.50528
14400.00000 	377.59264 	0.03704 	40.00268 	20.50566
14500.00000 	379.14738 	0.03656 	38.74871 	20.50773
14600.00000 	380.72121 	0.03609 	37.50001 	20.50514
14700.00000 	382.35146 	0.03563 	36.24981 	20.50916
14800.00000 	383.84518 	0.03532 	34.99770 	20.50840
14900.00000 	385.22964 	0.03519 	33.75307 	20.50606
15000.00000 	386.64282 	0.03511 	32.50047 	20.50627
15100.00000 	388.10410 	0.03500 	31.24925 	20.51131
15200.00000 	389.57785 	0.03493 	29.99924 	20.51016
15300.00000 	391.08348 	0.03483 	28.75180 	20.50846
15400.00000 	392.72103 	0.03481 	27.49986 	20.50523
15500.00000 	394.29595 	0.03478 	26.24886 	20.50785
15600.00000 	395.90648 	0.03470 	24.99899 	20.50519
15700.00000 	397.55398 	0.03468 	23.74787 	20.50585
15800.00000 	399.23991 	0.03462 	22.50005 	20.50939
15900.00000 	400.96576 	0.03461 	21.24862 	20.50523
16000.00000 	402.73316 	0.03457 	19.99844 	20.50748
16100.00000 	404.62409 	0.03456 	19.99844 	20.50748
16200.00000 	406.52857 	0.03456 	19.99844 	20.50748
16300.00000 	408.44621 	0.03455 	19.99844 	20.50748
16400.00000 	410.38892 	0.03455 	19.99844 	20.50748
16500.00000 	412.34452 	0.03455 	19.99844 	20.50748
16600.00000 	414.31254 	0.03455 	19.99844 	20.50748
16700.00000 	416.30566 	0.03455 	19.99844 	20.50748
16800.00000 	418.31072 	0.03455 	19.99844 	20.50748
16900.00000 	420.32715 	0.03455 	19.99844 	20.50748
17000.00000 	422.36846 	0.03456 	19.99844 	20.50748
17100.00000 	424.43497 	0.03456 	19.99844 	20.50748
17200.00000 	426.51211 	0.03457 	19.99844 	20.50748
17300.00000 	428.59911 	0.03458 	19.99844 	20.50748
17400.00000 	430.72632 	0.03459 	19.99844 	20.50748
17500.00000 	432.84717 	0.03460 	19.99844 	20.50748
17600.00000 	435.00867 	0.03462 	19.99844 	20.50748
17700.00000 	437.17865 	0.03463 	19.99844 	20.50748
17800.00000 	439.37324 	0.03465 	19.99844 	20.50748
17900.00000 	441.59257 	0.03467 	19.99844 	20.50748
18000.00000 	443.81870 	0.03469 	19.99844 	20.50748
18100.00000 	446.06889 	0.03471 	19.99844 	20.50748
18200.00000 	448.34317 	0.03473 	19.99844 	20.50748
18300.00000 	450.64154 	0.03476 	19.99844 	20.50748
18400.00000 	452.96400 	0.03479 	19.99844 	20.50748
18500.00000 	455.31049 	0.03482 	19.99844 	20.50748
18600.00000 	457.65991 	0.03484 	19.99844 	20.50748
18700.00000 	460.05363 	0.03488 	19.99844 	20.50748
18800.00000 	462.44889 	0.03491 	19.99844 	20.50748
18900.00000 	464.88913 	0.03495 	19.99844 	20.50748
19000.00000 	467.32928 	0.03498 	19.99844 	20.50748
19100.00000 	469.81497 	0.03503 	19.99844 	20.50748
19200.00000 	472.29867 	0.03506 	19.99844 	20.50748
19300.00000 	474.82834 	0.03511 	19.99844 	20.50748
19400.00000 	477.37962 	0.03515 	19.99844 	20.50748
19500.00000 	479.95198 	0.03520 	19.99844 	20.50748
19600.00000 	482.54480 	0.03525 	19.99844 	20.50748
19700.00000 	485.18536 	0.03531 	19.99844 	20.50748
19800.00000 	487.81774 	0.03536 	19.99844 	20.50748
19900.00000 	490.49778 	0.03541 	19.99844 	20.50748
20000.00000 	493.19666 	0.03547 	19.99844 	20.50748
