983.00000 	302.40858 	19.68849
0.00000 	302.40784 	19.68849 	-0.00000 	0.00000
100.00000 	303.29215 	21.12358 	-0.00000 	2.75228
200.00000 	303.61347 	20.47143 	-0.00000 	5.49941
300.00000 	303.93574 	19.83661 	0.53615 	9.47119
400.00000 	304.38197 	19.32727 	1.07133 	11.06540
500.00000 	304.83901 	18.84310 	1.60716 	12.25718
600.00000 	305.21646 	18.46163 	2.14179 	13.22381
700.00000 	305.56325 	18.13515 	2.67836 	14.05376
800.00000 	305.83861 	17.73304 	3.21428 	14.77917
900.00000 	305.84517 	17.00458 	3.75069 	15.42104
1000.00000 	305.86005 	16.30405 	4.28603 	15.99570
1100.00000 	306.36320 	16.17739 	4.82111 	16.51902
1200.00000 	307.24391 	16.26249 	5.35714 	16.99067
1300.00000 	308.11786 	16.27557 	5.89348 	17.42154
1400.00000 	308.96417 	16.05375 	6.43012 	17.81157
1500.00000 	309.81387 	15.82376 	6.96617 	18.16644
1600.00000 	310.14816 	15.10040 	7.50121 	18.49178
1700.00000 	310.17422 	14.12168 	8.03659 	18.78698
1800.00000 	310.20902 	13.20977 	8.57059 	19.05265
1900.00000 	310.55117 	12.03599 	9.10716 	19.29248
2000.00000 	310.90421 	10.95725 	9.64395 	19.51305
2100.00000 	311.23615 	9.98710 	10.17867 	19.70393
2200.00000 	311.41567 	9.18141 	10.71483 	19.87466
2300.00000 	311.59346 	8.43362 	11.25157 	20.02549
2400.00000 	311.79220 	7.85112 	11.78548 	20.15228
2500.00000 	312.00021 	7.41386 	12.32172 	20.25770
2600.00000 	312.22969 	7.00381 	12.85877 	20.34842
2700.00000 	312.55515 	6.69383 	13.39400 	20.41370
2800.00000 	312.94709 	6.44282 	13.93227 	20.46228
2900.00000 	313.34944 	6.19975 	14.46656 	20.49247
3000.00000 	313.69556 	5.89960 	14.99974 	20.50205
3100.00000 	314.02733 	5.58650 	15.49986 	20.50192
3200.00000 	314.37264 	5.28545 	15.99965 	20.50073
3300.00000 	314.75024 	5.01334 	16.50231 	20.50274
3400.00000 	315.14670 	4.75970 	17.00144 	20.50016
3500.00000 	315.56915 	4.51850 	17.49994 	20.50429
3600.00000 	315.96522 	4.26777 	17.99834 	20.50151
3700.00000 	316.35959 	4.01684 	18.49978 	20.50286
3800.00000 	316.76642 	3.78224 	19.00088 	20.50472
3900.00000 	317.17464 	3.56838 	19.50167 	20.50025
4000.00000 	317.55170 	3.38223 	20.00202 	20.50398
4100.00000 	317.95606 	3.20550 	20.50192 	20.50192
4200.00000 	318.35835 	3.03672 	21.00133 	20.50149
4300.00000 	318.73135 	2.88193 	21.50023 	20.50304
4400.00000 	319.11692 	2.73437 	22.00220 	20.50303
4500.00000 	319.51542 	2.59167 	22.49982 	20.50200
4600.00000 	319.81732 	2.44748 	23.00040 	20.49981
4700.00000 	320.05225 	2.30606 	23.50034 	20.50066
4800.00000 	320.31542 	2.17249 	24.00321 	20.50068
4900.00000 	320.57453 	2.04730 	24.50147 	20.50095
5000.00000 	320.86502 	1.92835 	25.00257 	20.50082
5100.00000 	321.13918 	1.81690 	25.49890 	20.50164
5200.00000 	321.43794 	1.70990 	26.00156 	20.49798
5300.00000 	321.79239 	1.61379 	26.49982 	20.50356
5400.00000 	322.23911 	1.52622 	27.00029 	20.50176
5500.00000 	322.69994 	1.44302 	27.50343 	20.50043
5600.00000 	323.15694 	1.36371 	28.00151 	20.50152
5700.00000 	323.65863 	1.28927 	28.50220 	20.50354
5800.00000 	324.19295 	1.21937 	29.00128 	20.50367
5900.00000 	324.75452 	1.15296 	29.50291 	20.50505
6000.00000 	325.31922 	1.08988 	30.00282 	20.50493
6100.00000 	325.87268 	1.03046 	30.37626 	20.50448
6200.00000 	326.43384 	0.97467 	30.75496 	20.50325
6300.00000 	327.03064 	0.92105 	31.13107 	20.50378
6400.00000 	327.62316 	0.87074 	31.50455 	20.50623
6500.00000 	328.12288 	0.82129 	31.87897 	20.50524
6600.00000 	328.51972 	0.77407 	32.25071 	20.50642
6700.00000 	328.95232 	0.72952 	32.62768 	20.50701
6800.00000 	329.37828 	0.68718 	33.00554 	20.50420
6900.00000 	329.83212 	0.64830 	33.38068 	20.50382
7000.00000 	330.24374 	0.61635 	33.75307 	20.50606
7100.00000 	330.68302 	0.58587 	34.12628 	20.50514
7200.00000 	331.12475 	0.55732 	34.50470 	20.50368
7300.00000 	331.59522 	0.52956 	34.88033 	20.50511
7400.00000 	332.06030 	0.50964 	35.25674 	20.50344
7500.00000 	332.55604 	0.49410 	35.63032 	20.50490
7600.00000 	333.05445 	0.47950 	36.00464 	20.50338
7700.00000 	333.56906 	0.46489 	36.37609 	20.50524
7800.00000 	334.11364 	0.45117 	36.75273 	20.50675
7900.00000 	334.57098 	0.43465 	37.13008 	20.50536
8000.00000 	334.99150 	0.41819 	37.50452 	20.50761
8100.00000 	335.46747 	0.40244 	37.87963 	20.50708
8200.00000 	335.93344 	0.38717 	38.25539 	20.50376
8300.00000 	336.40263 	0.37282 	38.62820 	20.50440
8400.00000 	336.77999 	0.35355 	39.00619 	20.50477
8500.00000 	337.09005 	0.33366 	39.37665 	20.50692
8600.00000 	337.40136 	0.31482 	39.75585 	20.50195
8700.00000 	337.77067 	0.29705 	40.12848 	20.50827
8800.00000 	338.11359 	0.28013 	40.50527 	20.50507
8900.00000 	338.47289 	0.26357 	40.87904 	20.50641
9000.00000 	338.77459 	0.24647 	41.25337 	20.50528
9100.00000 	339.10580 	0.23065 	41.62823 	20.50168
9200.00000 	339.43929 	0.21553 	42.00466 	20.50519
9300.00000 	339.78948 	0.20155 	42.37698 	20.50409
9400.00000 	340.15699 	0.18821 	42.75445 	20.50285
9500.00000 	340.43451 	0.17881 	43.12884 	20.50676
9600.00000 	340.63339 	0.17102 	43.50372 	20.50841
9700.00000 	340.88050 	0.16361 	43.87909 	20.50779
9800.00000 	341.14368 	0.15651 	44.25492 	20.50491
9900.00000 	341.42349 	0.14970 	44.62764 	20.50755
10000.00000 	341.72056 	0.14318 	45.00081 	20.50805
10100.00000 	341.98520 	0.13750 	45.00081 	20.50805
10200.00000 	342.17985 	0.13222 	45.00081 	20.50805
10300.00000 	342.39008 	0.12729 	45.00081 	20.50805
10400.00000 	342.60177 	0.12240 	45.00081 	20.50805
10500.00000 	342.84480 	0.11770 	45.00081 	20.50805
10600.00000 	343.14381 	0.11335 	45.00081 	20.50805
10700.00000 	343.42281 	0.10899 	45.00081 	20.50805
10800.00000 	343.58599 	0.10385 	45.00081 	20.50805
10900.00000 	343.79016 	0.09908 	45.00081 	20.50805
11000.00000 	343.98552 	0.09438 	45.00081 	20.50805
11100.00000 	344.22422 	0.09004 	45.00081 	20.50805
11200.00000 	344.49665 	0.08579 	45.00081 	20.50805
11300.00000 	344.73014 	0.08179 	45.00081 	20.50805
11400.00000 	345.04138 	0.07791 	45.00081 	20.50805
11500.00000 	345.20923 	0.07368 	45.00081 	20.50805
11600.00000 	345.34902 	0.06955 	45.00081 	20.50805
11700.00000 	345.55103 	0.06575 	45.00081 	20.50805
11800.00000 	345.77147 	0.06207 	45.00081 	20.50805
11900.00000 	346.01108 	0.05858 	45.00081 	20.50805
12000.00000 	346.27063 	0.05535 	45.00081 	20.50805
12100.00000 	346.50191 	0.05220 	45.00081 	20.50805
12200.00000 	346.84828 	0.04940 	45.00081 	20.50805
12300.00000 	347.22363 	0.04697 	45.00081 	20.50805
12400.00000 	347.68520 	0.04467 	45.00081 	20.50805
12500.00000 	348.15205 	0.04248 	45.00081 	20.50805
12600.00000 	348.58766 	0.04037 	45.00081 	20.50805
12700.00000 	349.11471 	0.03839 	45.00081 	20.50805
12800.00000 	349.59425 	0.03647 	45.00081 	20.50805
12900.00000 	350.15268 	0.03467 	45.00081 	20.50805
13000.00000 	350.69614 	0.03294 	45.00081 	20.50805
13100.00000 	351.18113 	0.03122 	45.00081 	20.50805
13200.00000 	351.62898 	0.02953 	45.00081 	20.50805
13300.00000 	352.15775 	0.02794 	45.00081 	20.50805
13400.00000 	352.64901 	0.02645 	45.00081 	20.50805
13500.00000 	353.24185 	0.02502 	45.00081 	20.50805
13600.00000 	353.78014 	0.02365 	45.00081 	20.50805
13700.00000 	354.40736 	0.02240 	45.00081 	20.50805
13800.00000 	355.01359 	0.02117 	45.00081 	20.50805
13900.00000 	355.69638 	0.02001 	45.00081 	20.50805
14000.00000 	356.58268 	0.01900 	45.00081 	20.50805
14100.00000 	357.65251 	0.01810 	43.75045 	20.50352
14200.00000 	358.83638 	0.01725 	42.50036 	20.50888
14300.00000 	360.03229 	0.01641 	41.25337 	20.50528
14400.00000 	361.25864 	0.01564 	40.00268 	20.50566
14500.00000 	362.53427 	0.01490 	38.74871 	20.50773
14600.00000 	363.74838 	0.01419 	37.50001 	20.50514
14700.00000 	365.07194 	0.01352 	36.24981 	20.50916
14800.00000 	366.43104 	0.01287 	34.99770 	20.50840
14900.00000 	367.84513 	0.01226 	33.75307 	20.50606
15000.00000 	369.19629 	0.01167 	32.50047 	20.50627
15100.00000 	371.02506 	0.01165 	31.24925 	20.51131
15200.00000 	373.24764 	0.01223 	29.99924 	20.51016
15300.00000 	375.41942 	0.01282 	28.75180 	20.50846
15400.00000 	377.71806 	0.01345 	27.49986 	20.50523
15500.00000 	379.96470 	0.01409 	26.24886 	20.50785
15600.00000 	382.34486 	0.01479 	24.99899 	20.50519
15700.00000 	384.67180 	0.01552 	23.74787 	20.50585
15800.00000 	387.13953 	0.01630 	22.50005 	20.50939
15900.00000 	389.55284 	0.01711 	21.24862 	20.50523
16000.00000 	392.11488 	0.01795 	19.99844 	20.50748
16100.00000 	394.77090 	0.01885 	19.99844 	20.50748
16200.00000 	397.44950 	0.01979 	19.99844 	20.50748
16300.00000 	400.15049 	0.02078 	19.99844 	20.50748
16400.00000 	402.87364 	0.02182 	19.99844 	20.50748
16500.00000 	405.63054 	0.02290 	19.99844 	20.50748
16600.00000 	408.40964 	0.02405 	19.99844 	20.50748
16700.00000 	411.21064 	0.02525 	19.99844 	20.50748
16800.00000 	414.04593 	0.02651 	19.99844 	20.50748
16900.00000 	416.90298 	0.02783 	19.99844 	20.50748
17000.00000 	419.78136 	0.02922 	19.99844 	20.50748
17100.00000 	422.69436 	0.03068 	19.99844 	20.50748
17200.00000 	425.62836 	0.03221 	19.99844 	20.50748
17300.00000 	428.59728 	0.03382 	19.99844 	20.50748
17400.00000 	431.58671 	0.03551 	19.99844 	20.50748
17500.00000 	434.61127 	0.03728 	19.99844 	20.50748
17600.00000 	437.67141 	0.03914 	19.99844 	20.50748
17700.00000 	440.75144 	0.04110 	19.99844 	20.50748
17800.00000 	443.85052 	0.04315 	19.99844 	20.50748
17900.00000 	447.00170 	0.04531 	19.99844 	20.50748
18000.00000 	450.17178 	0.04757 	19.99844 	20.50748
18100.00000 	453.37764 	0.04995 	19.99844 	20.50748
18200.00000 	456.60118 	0.05244 	19.99844 	20.50748
18300.00000 	459.87900 	0.05507 	19.99844 	20.50748
18400.00000 	463.17402 	0.05782 	19.99844 	20.50748
18500.00000 	466.50485 	0.06072 	19.99844 	20.50748
18600.00000 	469.85114 	0.06375 	19.99844 	20.50748
18700.00000 	473.25349 	0.06694 	19.99844 	20.50748
18800.00000 	476.69204 	0.07029 	19.99844 	20.50748
18900.00000 	480.14460 	0.07381 	19.99844 	20.50748
19000.00000 	483.65509 	0.07751 	19.99844 	20.50748
19100.00000 	487.17831 	0.08139 	19.99844 	20.50748
19200.00000 	490.76059 	0.08548 	19.99844 	20.50748
19300.00000 	494.35406 	0.08976 	19.99844 	20.50748
19400.00000 	498.00757 	0.09427 	19.99844 	20.50748
19500.00000 	501.69672 	0.09901 	19.99844 	20.50748
19600.00000 	505.39413 	0.10396 	19.99844 	20.50748
19700.00000 	509.15278 	0.10919 	19.99844 	20.50748
19800.00000 	512.94591 	0.11467 	19.99844 	20.50748
19900.00000 	516.80244 	0.12046 	19.99844 	20.50748
20000.00000 	520.66369 	0.12650 	19.99844 	20.50748
