966.20000 	299.77203 	16.78161
0.00000 	299.77056 	16.78161 	-0.00000 	0.00000
100.00000 	299.78020 	16.44201 	-0.00000 	2.75228
200.00000 	300.51177 	15.72516 	-0.00000 	5.49941
300.00000 	301.48151 	15.11414 	0.53615 	9.47119
400.00000 	302.34296 	14.62058 	1.07133 	11.06540
500.00000 	302.63488 	14.53385 	1.60716 	12.25718
600.00000 	302.91704 	14.44748 	2.14179 	13.22381
700.00000 	303.14793 	14.34262 	2.67836 	14.05376
800.00000 	303.36789 	14.23993 	3.21428 	14.77917
900.00000 	303.61906 	13.93405 	3.75069 	15.42104
1000.00000 	303.93333 	13.30168 	4.28603 	15.99570
1100.00000 	304.25781 	12.70581 	4.82111 	16.51902
1200.00000 	304.68832 	12.02494 	5.35714 	16.99067
1300.00000 	305.15124 	11.36979 	5.89348 	17.42154
1400.00000 	305.59420 	10.84855 	6.43012 	17.81157
1500.00000 	306.01688 	10.55460 	6.96617 	18.16644
1600.00000 	306.44052 	10.27556 	7.50121 	18.49178
1700.00000 	306.68300 	10.11164 	8.03659 	18.78698
1800.00000 	306.86044 	10.10110 	8.57059 	19.05265
1900.00000 	307.03774 	10.31729 	9.10716 	19.29248
2000.00000 	307.04002 	10.39911 	9.64395 	19.51305
2100.00000 	307.05120 	10.01096 	10.17867 	19.70393
2200.00000 	307.05983 	9.48282 	10.71483 	19.87466
2300.00000 	307.13117 	9.02289 	11.25157 	20.02549
2400.00000 	307.33252 	8.64383 	11.78548 	20.15228
2500.00000 	307.68617 	8.36628 	12.32172 	20.25770
2600.00000 	308.18123 	8.16967 	12.85877 	20.34842
2700.00000 	308.71252 	7.98467 	13.39400 	20.41370
2800.00000 	309.17634 	7.77971 	13.93227 	20.46228
2900.00000 	309.61772 	7.53583 	14.46656 	20.49247
3000.00000 	310.07170 	7.11322 	14.99974 	20.50205
3100.00000 	310.54782 	6.45854 	15.49986 	20.50192
3200.00000 	311.03273 	5.86533 	15.99965 	20.50073
3300.00000 	311.55550 	5.48611 	16.50231 	20.50274
3400.00000 	312.04179 	5.09337 	17.00144 	20.50016
3500.00000 	312.52734 	4.69711 	17.49994 	20.50429
3600.00000 	313.01476 	4.32881 	17.99834 	20.50151
3700.00000 	313.50136 	3.92859 	18.49978 	20.50286
3800.00000 	313.94937 	3.48447 	19.00088 	20.50472
3900.00000 	314.41367 	3.08648 	19.50167 	20.50025
4000.00000 	314.87670 	2.72067 	20.00202 	20.50398
4100.00000 	315.25332 	2.34578 	20.50192 	20.50192
4200.00000 	315.65440 	2.01632 	21.00133 	20.50149
4300.00000 	316.05706 	1.73050 	21.50023 	20.50304
4400.00000 	316.39461 	1.51776 	22.00220 	20.50303
4500.00000 	316.71709 	1.34111 	22.49982 	20.50200
4600.00000 	317.06854 	1.18339 	23.00040 	20.49981
4700.00000 	317.42886 	1.05243 	23.50034 	20.50066
4800.00000 	317.82393 	0.96685 	24.00321 	20.50068
4900.00000 	318.26108 	0.88698 	24.50147 	20.50095
5000.00000 	318.70032 	0.81312 	25.00257 	20.50082
5100.00000 	319.12446 	0.76380 	25.49890 	20.50164
5200.00000 	319.52741 	0.72810 	26.00156 	20.49798
5300.00000 	319.94411 	0.69395 	26.49982 	20.50356
5400.00000 	320.39326 	0.66204 	27.00029 	20.50176
5500.00000 	320.77752 	0.63520 	27.50343 	20.50043
5600.00000 	321.15684 	0.61040 	28.00151 	20.50152
5700.00000 	321.56899 	0.58664 	28.50220 	20.50354
5800.00000 	321.97655 	0.56365 	29.00128 	20.50367
5900.00000 	322.24262 	0.53684 	29.50291 	20.50505
6000.00000 	322.48245 	0.51052 	30.00282 	20.50493
6100.00000 	322.75529 	0.48505 	30.37626 	20.50448
6200.00000 	323.04200 	0.46120 	30.75496 	20.50325
6300.00000 	323.30152 	0.43825 	31.13107 	20.50378
6400.00000 	323.58729 	0.41636 	31.50455 	20.50623
6500.00000 	323.86587 	0.39541 	31.87897 	20.50524
6600.00000 	324.16737 	0.37552 	32.25071 	20.50642
6700.00000 	324.43995 	0.35887 	32.62768 	20.50701
6800.00000 	324.69164 	0.34520 	33.00554 	20.50420
6900.00000 	324.93471 	0.33163 	33.38068 	20.50382
7000.00000 	325.21450 	0.31897 	33.75307 	20.50606
7100.00000 	325.50922 	0.30677 	34.12628 	20.50514
7200.00000 	325.78772 	0.29928 	34.50470 	20.50368
7300.00000 	326.09351 	0.29228 	34.88033 	20.50511
7400.00000 	326.41408 	0.28547 	35.25674 	20.50344
7500.00000 	326.76142 	0.27862 	35.63032 	20.50490
7600.00000 	327.08840 	0.27376 	36.00464 	20.50338
7700.00000 	327.38018 	0.27217 	36.37609 	20.50524
7800.00000 	327.71238 	0.27043 	36.75273 	20.50675
7900.00000 	328.03433 	0.26894 	37.13008 	20.50536
8000.00000 	328.39854 	0.26758 	37.50452 	20.50761
8100.00000 	328.76640 	0.26914 	37.87963 	20.50708
8200.00000 	329.16389 	0.27543 	38.25539 	20.50376
8300.00000 	329.57776 	0.28220 	38.62820 	20.50440
8400.00000 	329.99401 	0.28882 	39.00619 	20.50477
8500.00000 	330.44199 	0.29604 	39.37665 	20.50692
8600.00000 	330.87897 	0.30126 	39.75585 	20.50195
8700.00000 	331.24691 	0.29568 	40.12848 	20.50827
8800.00000 	331.64518 	0.29023 	40.50527 	20.50507
8900.00000 	332.06054 	0.28491 	40.87904 	20.50641
9000.00000 	332.44860 	0.27963 	41.25337 	20.50528
9100.00000 	332.89948 	0.27458 	41.62823 	20.50168
9200.00000 	333.26294 	0.26641 	42.00466 	20.50519
9300.00000 	333.58279 	0.25626 	42.37698 	20.50409
9400.00000 	333.93353 	0.24649 	42.75445 	20.50285
9500.00000 	334.28731 	0.23708 	43.12884 	20.50676
9600.00000 	334.65896 	0.22803 	43.50372 	20.50841
9700.00000 	335.06359 	0.21932 	43.87909 	20.50779
9800.00000 	335.38824 	0.21034 	44.25492 	20.50491
9900.00000 	335.69472 	0.20185 	44.62764 	20.50755
10000.00000 	336.00364 	0.19349 	45.00081 	20.50805
10100.00000 	336.34478 	0.18547 	45.00081 	20.50805
10200.00000 	336.70426 	0.17777 	45.00081 	20.50805
10300.00000 	337.06795 	0.17038 	45.00081 	20.50805
10400.00000 	337.51076 	0.16419 	45.00081 	20.50805
10500.00000 	338.02078 	0.16085 	45.00081 	20.50805
10600.00000 	338.54998 	0.15759 	45.00081 	20.50805
10700.00000 	339.09906 	0.15441 	45.00081 	20.50805
10800.00000 	339.68387 	0.15115 	45.00081 	20.50805
10900.00000 	340.27500 	0.14814 	45.00081 	20.50805
11000.00000 	340.88833 	0.14522 	45.00081 	20.50805
11100.00000 	341.69581 	0.14135 	45.00081 	20.50805
11200.00000 	342.99323 	0.13548 	45.00081 	20.50805
11300.00000 	344.25680 	0.12979 	45.00081 	20.50805
11400.00000 	345.60788 	0.12425 	45.00081 	20.50805
11500.00000 	346.98771 	0.11908 	45.00081 	20.50805
11600.00000 	348.34941 	0.11406 	45.00081 	20.50805
11700.00000 	349.77321 	0.10918 	45.00081 	20.50805
11800.00000 	351.19482 	0.10458 	45.00081 	20.50805
11900.00000 	352.45384 	0.10034 	45.00081 	20.50805
12000.00000 	353.49092 	0.09614 	45.00081 	20.50805
12100.00000 	354.60402 	0.09225 	45.00081 	20.50805
12200.00000 	355.74324 	0.08853 	45.00081 	20.50805
12300.00000 	356.89338 	0.08485 	45.00081 	20.50805
12400.00000 	358.08764 	0.08142 	45.00081 	20.50805
12500.00000 	359.31100 	0.07812 	45.00081 	20.50805
12600.00000 	360.56455 	0.07496 	45.00081 	20.50805
12700.00000 	361.84946 	0.07184 	45.00081 	20.50805
12800.00000 	362.79411 	0.06665 	45.00081 	20.50805
12900.00000 	363.80676 	0.06168 	45.00081 	20.50805
13000.00000 	364.80015 	0.05703 	45.00081 	20.50805
13100.00000 	365.80197 	0.05271 	45.00081 	20.50805
13200.00000 	366.91105 	0.04878 	45.00081 	20.50805
13300.00000 	367.96695 	0.04504 	45.00081 	20.50805
13400.00000 	369.06773 	0.04157 	45.00081 	20.50805
13500.00000 	370.24890 	0.03837 	45.00081 	20.50805
13600.00000 	371.39318 	0.03543 	45.00081 	20.50805
13700.00000 	372.58598 	0.03274 	45.00081 	20.50805
13800.00000 	373.52515 	0.03113 	45.00081 	20.50805
13900.00000 	374.41581 	0.02959 	45.00081 	20.50805
14000.00000 	375.42206 	0.02814 	45.00081 	20.50805
14100.00000 	376.36164 	0.02673 	43.75045 	20.50352
14200.00000 	377.42141 	0.02538 	42.50036 	20.50888
14300.00000 	378.41353 	0.02411 	41.25337 	20.50528
14400.00000 	379.53083 	0.02292 	40.00268 	20.50566
14500.00000 	380.57951 	0.02177 	38.74871 	20.50773
14600.00000 	381.75879 	0.02069 	37.50001 	20.50514
14700.00000 	382.95380 	0.01966 	36.24981 	20.50916
14800.00000 	384.11472 	0.01865 	34.99770 	20.50840
14900.00000 	385.14724 	0.01781 	33.75307 	20.50606
15000.00000 	386.08304 	0.01715 	32.50047 	20.50627
15100.00000 	386.95445 	0.01647 	31.24925 	20.51131
15200.00000 	387.85107 	0.01581 	29.99924 	20.51016
15300.00000 	388.86896 	0.01520 	28.75180 	20.50846
15400.00000 	389.80197 	0.01462 	27.49986 	20.50523
15500.00000 	390.88039 	0.01405 	26.24886 	20.50785
15600.00000 	391.89114 	0.01349 	24.99899 	20.50519
15700.00000 	393.03502 	0.01299 	23.74787 	20.50585
15800.00000 	394.10987 	0.01248 	22.50005 	20.50939
15900.00000 	395.30561 	0.01200 	21.24862 	20.50523
16000.00000 	396.44987 	0.01152 	19.99844 	20.50748
16100.00000 	397.73029 	0.01108 	19.99844 	20.50748
16200.00000 	399.00683 	0.01065 	19.99844 	20.50748
16300.00000 	400.30164 	0.01024 	19.99844 	20.50748
16400.00000 	401.61501 	0.00984 	19.99844 	20.50748
16500.00000 	402.92292 	0.00945 	19.99844 	20.50748
16600.00000 	404.24893 	0.00908 	19.99844 	20.50748
16700.00000 	405.58060 	0.00872 	19.99844 	20.50748
16800.00000 	406.93033 	0.00838 	19.99844 	20.50748
16900.00000 	408.28508 	0.00804 	19.99844 	20.50748
17000.00000 	409.65777 	0.00772 	19.99844 	20.50748
17100.00000 	411.03471 	0.00741 	19.99844 	20.50748
17200.00000 	412.42938 	0.00711 	19.99844 	20.50748
17300.00000 	413.82740 	0.00682 	19.99844 	20.50748
17400.00000 	415.24282 	0.00654 	19.99844 	20.50748
17500.00000 	416.66054 	0.00628 	19.99844 	20.50748
17600.00000 	418.09520 	0.00602 	19.99844 	20.50748
17700.00000 	419.54687 	0.00577 	19.99844 	20.50748
17800.00000 	420.99932 	0.00553 	19.99844 	20.50748
17900.00000 	422.46812 	0.00530 	19.99844 	20.50748
18000.00000 	423.95327 	0.00508 	19.99844 	20.50748
18100.00000 	425.45473 	0.00486 	19.99844 	20.50748
18200.00000 	426.95461 	0.00466 	19.99844 	20.50748
18300.00000 	428.46985 	0.00446 	19.99844 	20.50748
18400.00000 	430.00032 	0.00427 	19.99844 	20.50748
18500.00000 	431.54587 	0.00409 	19.99844 	20.50748
18600.00000 	433.10629 	0.00391 	19.99844 	20.50748
18700.00000 	434.68137 	0.00374 	19.99844 	20.50748
18800.00000 	436.27086 	0.00358 	19.99844 	20.50748
18900.00000 	437.85336 	0.00342 	19.99844 	20.50748
19000.00000 	439.47021 	0.00327 	19.99844 	20.50748
19100.00000 	441.10043 	0.00313 	19.99844 	20.50748
19200.00000 	442.74360 	0.00299 	19.99844 	20.50748
19300.00000 	444.39923 	0.00286 	19.99844 	20.50748
19400.00000 	446.06681 	0.00273 	19.99844 	20.50748
19500.00000 	447.74573 	0.00261 	19.99844 	20.50748
19600.00000 	449.43535 	0.00249 	19.99844 	20.50748
19700.00000 	451.16059 	0.00238 	19.99844 	20.50748
19800.00000 	452.89632 	0.00227 	19.99844 	20.50748
19900.00000 	454.64173 	0.00217 	19.99844 	20.50748
20000.00000 	456.39595 	0.00207 	19.99844 	20.50748
