913.50000 	308.47551 	18.42940
0.00000 	308.47154 	18.42940 	-0.00000 	0.00000
100.00000 	308.48422 	20.07160 	-0.00000 	2.75228
200.00000 	309.18821 	19.11711 	-0.00000 	5.49941
300.00000 	310.15300 	17.83440 	0.53615 	9.47119
400.00000 	310.97693 	16.74610 	1.07133 	11.06540
500.00000 	311.20965 	16.22826 	1.60716 	12.25718
600.00000 	311.45209 	15.71555 	2.14179 	13.22381
700.00000 	311.75691 	15.17473 	2.67836 	14.05376
800.00000 	312.11409 	14.62255 	3.21428 	14.77917
900.00000 	312.46071 	14.10625 	3.75069 	15.42104
1000.00000 	312.75413 	13.99106 	4.28603 	15.99570
1100.00000 	313.04691 	13.88562 	4.82111 	16.51902
1200.00000 	313.31815 	13.69981 	5.35714 	16.99067
1300.00000 	313.51296 	13.33431 	5.89348 	17.42154
1400.00000 	313.71762 	12.97850 	6.43012 	17.81157
1500.00000 	314.07165 	12.18634 	6.96617 	18.16644
1600.00000 	314.53316 	11.14436 	7.50121 	18.49178
1700.00000 	315.01743 	10.19049 	8.03659 	18.78698
1800.00000 	315.50064 	8.88409 	8.57059 	19.05265
1900.00000 	316.00551 	7.37106 	9.10716 	19.29248
2000.00000 	316.52413 	6.36036 	9.64395 	19.51305
2100.00000 	316.87481 	5.98237 	10.17867 	19.70393
2200.00000 	317.22746 	5.80060 	10.71483 	19.87466
2300.00000 	317.57892 	5.61925 	11.25157 	20.02549
2400.00000 	317.90479 	5.44178 	11.78548 	20.15228
2500.00000 	318.24201 	5.26968 	12.32172 	20.25770
2600.00000 	318.59091 	5.10282 	12.85877 	20.34842
2700.00000 	318.82355 	4.90660 	13.39400 	20.41370
2800.00000 	319.06715 	4.72096 	13.93227 	20.46228
2900.00000 	319.29676 	4.53779 	14.46656 	20.49247
3000.00000 	319.41000 	4.29846 	14.99974 	20.50205
3100.00000 	319.47377 	3.98722 	15.49986 	20.50192
3200.00000 	319.56207 	3.69701 	15.99965 	20.50073
3300.00000 	319.68895 	3.51068 	16.50231 	20.50274
3400.00000 	319.85762 	3.38196 	17.00144 	20.50016
3500.00000 	320.04879 	3.25770 	17.49994 	20.50429
3600.00000 	320.22449 	3.13476 	17.99834 	20.50151
3700.00000 	320.37274 	3.00147 	18.49978 	20.50286
3800.00000 	320.53203 	2.87571 	19.00088 	20.50472
3900.00000 	320.70272 	2.75268 	19.50167 	20.50025
4000.00000 	320.85298 	2.63572 	20.00202 	20.50398
4100.00000 	321.02179 	2.52294 	20.50192 	20.50192
4200.00000 	321.20666 	2.41509 	21.00133 	20.50149
4300.00000 	321.39876 	2.30174 	21.50023 	20.50304
4400.00000 	321.61671 	2.15691 	22.00220 	20.50303
4500.00000 	321.84661 	2.02039 	22.49982 	20.50200
4600.00000 	322.08883 	1.89175 	23.00040 	20.49981
4700.00000 	322.35663 	1.75075 	23.50034 	20.50066
4800.00000 	322.66111 	1.60296 	24.00321 	20.50068
4900.00000 	322.99082 	1.46527 	24.50147 	20.50095
5000.00000 	323.31572 	1.33806 	25.00257 	20.50082
5100.00000 	323.61104 	1.21430 	25.49890 	20.50164
5200.00000 	323.90068 	1.09590 	26.00156 	20.49798
5300.00000 	324.19115 	0.98889 	26.49982 	20.50356
5400.00000 	324.52691 	0.89158 	27.00029 	20.50176
5500.00000 	324.84285 	0.81791 	27.50343 	20.50043
5600.00000 	325.16477 	0.75443 	28.00151 	20.50152
5700.00000 	325.48769 	0.69544 	28.50220 	20.50354
5800.00000 	325.85758 	0.64081 	29.00128 	20.50367
5900.00000 	326.18812 	0.59316 	29.50291 	20.50505
6000.00000 	326.49902 	0.54966 	30.00282 	20.50493
6100.00000 	326.83654 	0.50957 	30.37626 	20.50448
6200.00000 	327.17582 	0.47215 	30.75496 	20.50325
6300.00000 	327.52065 	0.43842 	31.13107 	20.50378
6400.00000 	327.87396 	0.40908 	31.50455 	20.50623
6500.00000 	328.22870 	0.38192 	31.87897 	20.50524
6600.00000 	328.62119 	0.35650 	32.25071 	20.50642
6700.00000 	329.01909 	0.33224 	32.62768 	20.50701
6800.00000 	329.37220 	0.31088 	33.00554 	20.50420
6900.00000 	329.74012 	0.29109 	33.38068 	20.50382
7000.00000 	330.09886 	0.27238 	33.75307 	20.50606
7100.00000 	330.48433 	0.25486 	34.12628 	20.50514
7200.00000 	330.87407 	0.23856 	34.50470 	20.50368
7300.00000 	331.22877 	0.22799 	34.88033 	20.50511
7400.00000 	331.58528 	0.21810 	35.25674 	20.50344
7500.00000 	331.97073 	0.20862 	35.63032 	20.50490
7600.00000 	332.35893 	0.19953 	36.00464 	20.50338
7700.00000 	332.75012 	0.19076 	36.37609 	20.50524
7800.00000 	333.19798 	0.18464 	36.75273 	20.50675
7900.00000 	333.64822 	0.17885 	37.13008 	20.50536
8000.00000 	334.10139 	0.17307 	37.50452 	20.50761
8100.00000 	334.58531 	0.16765 	37.87963 	20.50708
8200.00000 	335.07322 	0.16241 	38.25539 	20.50376
8300.00000 	335.57511 	0.16031 	38.62820 	20.50440
8400.00000 	336.07809 	0.15993 	39.00619 	20.50477
8500.00000 	336.64294 	0.15963 	39.37665 	20.50692
8600.00000 	337.18149 	0.15913 	39.75585 	20.50195
8700.00000 	337.75253 	0.15884 	40.12848 	20.50827
8800.00000 	338.32867 	0.15840 	40.50527 	20.50507
8900.00000 	338.76970 	0.15715 	40.87904 	20.50641
9000.00000 	339.22757 	0.15577 	41.25337 	20.50528
9100.00000 	339.73662 	0.15447 	41.62823 	20.50168
9200.00000 	340.23049 	0.15316 	42.00466 	20.50519
9300.00000 	340.74305 	0.15188 	42.37698 	20.50409
9400.00000 	341.27498 	0.15065 	42.75445 	20.50285
9500.00000 	341.68239 	0.14338 	43.12884 	20.50676
9600.00000 	342.05651 	0.13625 	43.50372 	20.50841
9700.00000 	342.44782 	0.12945 	43.87909 	20.50779
9800.00000 	342.85694 	0.12284 	44.25492 	20.50491
9900.00000 	343.28452 	0.11667 	44.62764 	20.50755
10000.00000 	343.75534 	0.11085 	45.00081 	20.50805
10100.00000 	344.18290 	0.10498 	45.00081 	20.50805
10200.00000 	344.53440 	0.09921 	45.00081 	20.50805
10300.00000 	344.92900 	0.09378 	45.00081 	20.50805
10400.00000 	345.31629 	0.08859 	45.00081 	20.50805
10500.00000 	345.76432 	0.08361 	45.00081 	20.50805
10600.00000 	346.17497 	0.07895 	45.00081 	20.50805
10700.00000 	346.66436 	0.07457 	45.00081 	20.50805
10800.00000 	347.08737 	0.06995 	45.00081 	20.50805
10900.00000 	347.44045 	0.06499 	45.00081 	20.50805
11000.00000 	347.82691 	0.06035 	45.00081 	20.50805
11100.00000 	348.26302 	0.05605 	45.00081 	20.50805
11200.00000 	348.68829 	0.05202 	45.00081 	20.50805
11300.00000 	349.11806 	0.04825 	45.00081 	20.50805
11400.00000 	349.56861 	0.04474 	45.00081 	20.50805
11500.00000 	350.10628 	0.04143 	45.00081 	20.50805
11600.00000 	350.50070 	0.03830 	45.00081 	20.50805
11700.00000 	350.91502 	0.03535 	45.00081 	20.50805
11800.00000 	351.28175 	0.03258 	45.00081 	20.50805
11900.00000 	351.68412 	0.02999 	45.00081 	20.50805
12000.00000 	352.16088 	0.02763 	45.00081 	20.50805
12100.00000 	352.60584 	0.02544 	45.00081 	20.50805
12200.00000 	353.11246 	0.02342 	45.00081 	20.50805
12300.00000 	353.60340 	0.02151 	45.00081 	20.50805
12400.00000 	354.15120 	0.01982 	45.00081 	20.50805
12500.00000 	354.74585 	0.01860 	45.00081 	20.50805
12600.00000 	355.37886 	0.01742 	45.00081 	20.50805
12700.00000 	356.03458 	0.01634 	45.00081 	20.50805
12800.00000 	356.71388 	0.01532 	45.00081 	20.50805
12900.00000 	357.40084 	0.01434 	45.00081 	20.50805
13000.00000 	358.12999 	0.01344 	45.00081 	20.50805
13100.00000 	358.95115 	0.01261 	45.00081 	20.50805
13200.00000 	359.71846 	0.01179 	45.00081 	20.50805
13300.00000 	360.53146 	0.01105 	45.00081 	20.50805
13400.00000 	361.39063 	0.01048 	45.00081 	20.50805
13500.00000 	362.27421 	0.01006 	45.00081 	20.50805
13600.00000 	363.25402 	0.00967 	45.00081 	20.50805
13700.00000 	364.26171 	0.00930 	45.00081 	20.50805
13800.00000 	365.22370 	0.00893 	45.00081 	20.50805
13900.00000 	366.28900 	0.00859 	45.00081 	20.50805
14000.00000 	367.30794 	0.00825 	45.00081 	20.50805
14100.00000 	368.43543 	0.00793 	43.75045 	20.50352
14200.00000 	369.59671 	0.00762 	42.50036 	20.50888
14300.00000 	370.72872 	0.00732 	41.25337 	20.50528
14400.00000 	371.96025 	0.00704 	40.00268 	20.50566
14500.00000 	373.28074 	0.00703 	38.74871 	20.50773
14600.00000 	374.94675 	0.00734 	37.50001 	20.50514
14700.00000 	376.62786 	0.00766 	36.24981 	20.50916
14800.00000 	378.25225 	0.00800 	34.99770 	20.50840
14900.00000 	380.02012 	0.00836 	33.75307 	20.50606
15000.00000 	381.71163 	0.00873 	32.50047 	20.50627
15100.00000 	383.53449 	0.00912 	31.24925 	20.51131
15200.00000 	385.41591 	0.00954 	29.99924 	20.51016
15300.00000 	387.21883 	0.00997 	28.75180 	20.50846
15400.00000 	389.18272 	0.01042 	27.49986 	20.50523
15500.00000 	391.06666 	0.01090 	26.24886 	20.50785
15600.00000 	393.10059 	0.01140 	24.99899 	20.50519
15700.00000 	395.20222 	0.01194 	23.74787 	20.50585
15800.00000 	397.22175 	0.01249 	22.50005 	20.50939
15900.00000 	399.40611 	0.01286 	21.24862 	20.50523
16000.00000 	401.51032 	0.01325 	19.99844 	20.50748
16100.00000 	404.12028 	0.01372 	19.99844 	20.50748
16200.00000 	406.75038 	0.01420 	19.99844 	20.50748
16300.00000 	409.40022 	0.01469 	19.99844 	20.50748
16400.00000 	412.08245 	0.01521 	19.99844 	20.50748
16500.00000 	414.78416 	0.01574 	19.99844 	20.50748
16600.00000 	417.50485 	0.01629 	19.99844 	20.50748
16700.00000 	420.25803 	0.01687 	19.99844 	20.50748
16800.00000 	423.04416 	0.01746 	19.99844 	20.50748
16900.00000 	425.84885 	0.01808 	19.99844 	20.50748
17000.00000 	428.68662 	0.01872 	19.99844 	20.50748
17100.00000 	431.54225 	0.01938 	19.99844 	20.50748
17200.00000 	434.43095 	0.02007 	19.99844 	20.50748
17300.00000 	437.33662 	0.02078 	19.99844 	20.50748
17400.00000 	440.29210 	0.02152 	19.99844 	20.50748
17500.00000 	443.24697 	0.02228 	19.99844 	20.50748
17600.00000 	446.25224 	0.02308 	19.99844 	20.50748
17700.00000 	449.29125 	0.02390 	19.99844 	20.50748
17800.00000 	452.34547 	0.02476 	19.99844 	20.50748
17900.00000 	455.43288 	0.02565 	19.99844 	20.50748
18000.00000 	458.55364 	0.02657 	19.99844 	20.50748
18100.00000 	461.70787 	0.02752 	19.99844 	20.50748
18200.00000 	464.87474 	0.02851 	19.99844 	20.50748
18300.00000 	468.09556 	0.02955 	19.99844 	20.50748
18400.00000 	471.32792 	0.03061 	19.99844 	20.50748
18500.00000 	474.61533 	0.03172 	19.99844 	20.50748
18600.00000 	477.91294 	0.03287 	19.99844 	20.50748
18700.00000 	481.26659 	0.03407 	19.99844 	20.50748
18800.00000 	484.62881 	0.03531 	19.99844 	20.50748
18900.00000 	488.04793 	0.03660 	19.99844 	20.50748
19000.00000 	491.49972 	0.03794 	19.99844 	20.50748
19100.00000 	494.98381 	0.03933 	19.99844 	20.50748
19200.00000 	498.49978 	0.04077 	19.99844 	20.50748
19300.00000 	502.04712 	0.04226 	19.99844 	20.50748
19400.00000 	505.62526 	0.04382 	19.99844 	20.50748
19500.00000 	509.26345 	0.04544 	19.99844 	20.50748
19600.00000 	512.93270 	0.04712 	19.99844 	20.50748
19700.00000 	516.63222 	0.04886 	19.99844 	20.50748
19800.00000 	520.36110 	0.05067 	19.99844 	20.50748
19900.00000 	524.15190 	0.05256 	19.99844 	20.50748
20000.00000 	527.97186 	0.05452 	19.99844 	20.50748
