964.30000 	302.32541 	18.05622
0.00000 	302.32384 	18.05622 	-0.00000 	0.00000
100.00000 	302.32514 	18.02286 	-0.00000 	2.75228
200.00000 	303.24050 	17.89755 	-0.00000 	5.49941
300.00000 	304.45637 	17.80718 	0.53615 	9.47119
400.00000 	305.32996 	17.65081 	1.07133 	11.06540
500.00000 	305.45899 	17.33617 	1.60716 	12.25718
600.00000 	305.59763 	17.03706 	2.14179 	13.22381
700.00000 	305.78722 	16.52610 	2.67836 	14.05376
800.00000 	305.97635 	16.00724 	3.21428 	14.77917
900.00000 	306.23738 	15.46352 	3.75069 	15.42104
1000.00000 	306.56131 	14.88481 	4.28603 	15.99570
1100.00000 	306.91647 	14.32817 	4.82111 	16.51902
1200.00000 	307.20934 	13.70402 	5.35714 	16.99067
1300.00000 	307.50199 	13.10506 	5.89348 	17.42154
1400.00000 	307.82632 	12.56398 	6.43012 	17.81157
1500.00000 	308.13995 	12.08127 	6.96617 	18.16644
1600.00000 	308.45334 	11.62229 	7.50121 	18.49178
1700.00000 	308.84160 	11.26346 	8.03659 	18.78698
1800.00000 	309.25156 	10.94371 	8.57059 	19.05265
1900.00000 	309.66179 	10.62421 	9.10716 	19.29248
2000.00000 	310.07141 	10.24052 	9.64395 	19.51305
2100.00000 	310.50429 	9.86439 	10.17867 	19.70393
2200.00000 	310.94732 	9.50528 	10.71483 	19.87466
2300.00000 	311.43397 	9.16998 	11.25157 	20.02549
2400.00000 	311.93298 	8.83968 	11.78548 	20.15228
2500.00000 	312.48584 	8.57222 	12.32172 	20.25770
2600.00000 	313.13970 	8.38318 	12.85877 	20.34842
2700.00000 	313.78363 	8.19740 	13.39400 	20.41370
2800.00000 	314.23992 	7.90195 	13.93227 	20.46228
2900.00000 	314.46002 	7.48503 	14.46656 	20.49247
3000.00000 	314.71517 	7.08927 	14.99974 	20.50205
3100.00000 	314.97953 	6.73107 	15.49986 	20.50192
3200.00000 	315.23945 	6.40147 	15.99965 	20.50073
3300.00000 	315.52432 	6.08761 	16.50231 	20.50274
3400.00000 	315.80452 	5.80312 	17.00144 	20.50016
3500.00000 	316.10492 	5.55868 	17.49994 	20.50429
3600.00000 	316.41996 	5.32860 	17.99834 	20.50151
3700.00000 	316.72983 	5.10575 	18.49978 	20.50286
3800.00000 	317.04856 	4.90546 	19.00088 	20.50472
3900.00000 	317.39094 	4.71252 	19.50167 	20.50025
4000.00000 	317.73081 	4.52937 	20.00202 	20.50398
4100.00000 	318.04472 	4.34555 	20.50192 	20.50192
4200.00000 	318.36713 	4.16797 	21.00133 	20.50149
4300.00000 	318.70194 	3.99717 	21.50023 	20.50304
4400.00000 	318.98668 	3.83519 	22.00220 	20.50303
4500.00000 	319.20881 	3.67585 	22.49982 	20.50200
4600.00000 	319.44288 	3.52268 	23.00040 	20.49981
4700.00000 	319.68926 	3.37547 	23.50034 	20.50066
4800.00000 	319.86221 	3.23478 	24.00321 	20.50068
4900.00000 	320.06367 	3.10259 	24.50147 	20.50095
5000.00000 	320.27217 	2.97253 	25.00257 	20.50082
5100.00000 	320.46893 	2.84757 	25.49890 	20.50164
5200.00000 	320.63069 	2.71989 	26.00156 	20.49798
5300.00000 	320.80436 	2.59963 	26.49982 	20.50356
5400.00000 	320.99031 	2.48231 	27.00029 	20.50176
5500.00000 	321.16425 	2.36895 	27.50343 	20.50043
5600.00000 	321.37488 	2.25669 	28.00151 	20.50152
5700.00000 	321.57931 	2.14891 	28.50220 	20.50354
5800.00000 	321.81564 	2.04803 	29.00128 	20.50367
5900.00000 	322.07616 	1.94746 	29.50291 	20.50505
6000.00000 	322.38002 	1.85107 	30.00282 	20.50493
6100.00000 	322.68500 	1.75909 	30.37626 	20.50448
6200.00000 	323.01648 	1.67134 	30.75496 	20.50325
6300.00000 	323.35443 	1.58866 	31.13107 	20.50378
6400.00000 	323.67763 	1.51038 	31.50455 	20.50623
6500.00000 	324.04861 	1.43601 	31.87897 	20.50524
6600.00000 	324.41308 	1.36473 	32.25071 	20.50642
6700.00000 	324.80523 	1.29901 	32.62768 	20.50701
6800.00000 	325.24545 	1.24989 	33.00554 	20.50420
6900.00000 	325.71383 	1.20254 	33.38068 	20.50382
7000.00000 	326.17526 	1.15664 	33.75307 	20.50606
7100.00000 	326.66266 	1.11269 	34.12628 	20.50514
7200.00000 	327.13283 	1.07559 	34.50470 	20.50368
7300.00000 	327.60825 	1.04226 	34.88033 	20.50511
7400.00000 	328.09968 	1.00996 	35.25674 	20.50344
7500.00000 	328.59447 	0.97778 	35.63032 	20.50490
7600.00000 	329.11950 	0.94749 	36.00464 	20.50338
7700.00000 	329.54607 	0.91741 	36.37609 	20.50524
7800.00000 	329.97492 	0.88828 	36.75273 	20.50675
7900.00000 	330.43318 	0.85928 	37.13008 	20.50536
8000.00000 	330.89467 	0.83199 	37.50452 	20.50761
8100.00000 	331.38681 	0.80483 	37.87963 	20.50708
8200.00000 	331.71967 	0.77571 	38.25539 	20.50376
8300.00000 	332.06769 	0.74760 	38.62820 	20.50440
8400.00000 	332.47329 	0.72003 	39.00619 	20.50477
8500.00000 	332.85370 	0.69390 	39.37665 	20.50692
8600.00000 	333.28005 	0.66826 	39.75585 	20.50195
8700.00000 	333.62212 	0.63684 	40.12848 	20.50827
8800.00000 	333.95023 	0.60312 	40.50527 	20.50507
8900.00000 	334.31062 	0.57069 	40.87904 	20.50641
9000.00000 	334.67114 	0.54025 	41.25337 	20.50528
9100.00000 	335.06592 	0.51098 	41.62823 	20.50168
9200.00000 	335.46120 	0.48352 	42.00466 	20.50519
9300.00000 	335.71057 	0.45171 	42.37698 	20.50409
9400.00000 	335.95715 	0.42169 	42.75445 	20.50285
9500.00000 	336.23845 	0.39365 	43.12884 	20.50676
9600.00000 	336.53681 	0.36734 	43.50372 	20.50841
9700.00000 	336.81840 	0.34288 	43.87909 	20.50779
9800.00000 	337.16672 	0.31971 	44.25492 	20.50491
9900.00000 	337.41295 	0.29490 	44.62764 	20.50755
10000.00000 	337.67551 	0.27215 	45.00081 	20.50805
10100.00000 	337.95502 	0.25075 	45.00081 	20.50805
10200.00000 	338.21486 	0.23106 	45.00081 	20.50805
10300.00000 	338.52958 	0.21265 	45.00081 	20.50805
10400.00000 	338.86321 	0.19560 	45.00081 	20.50805
10500.00000 	339.15319 	0.17967 	45.00081 	20.50805
10600.00000 	339.40649 	0.16469 	45.00081 	20.50805
10700.00000 	339.69204 	0.15102 	45.00081 	20.50805
10800.00000 	339.99561 	0.13825 	45.00081 	20.50805
10900.00000 	340.31787 	0.12648 	45.00081 	20.50805
11000.00000 	340.64434 	0.11577 	45.00081 	20.50805
11100.00000 	341.00613 	0.10578 	45.00081 	20.50805
11200.00000 	341.53170 	0.09762 	45.00081 	20.50805
11300.00000 	342.17242 	0.09073 	45.00081 	20.50805
11400.00000 	342.83448 	0.08430 	45.00081 	20.50805
11500.00000 	343.51869 	0.07830 	45.00081 	20.50805
11600.00000 	344.22586 	0.07269 	45.00081 	20.50805
11700.00000 	344.95688 	0.06746 	45.00081 	20.50805
11800.00000 	345.66408 	0.06255 	45.00081 	20.50805
11900.00000 	346.44470 	0.05801 	45.00081 	20.50805
12000.00000 	347.49856 	0.05575 	45.00081 	20.50805
12100.00000 	348.52683 	0.05356 	45.00081 	20.50805
12200.00000 	349.56382 	0.05146 	45.00081 	20.50805
12300.00000 	350.69566 	0.04946 	45.00081 	20.50805
12400.00000 	351.80186 	0.04752 	45.00081 	20.50805
12500.00000 	352.99097 	0.04567 	45.00081 	20.50805
12600.00000 	354.15450 	0.04388 	45.00081 	20.50805
12700.00000 	355.40535 	0.04218 	45.00081 	20.50805
12800.00000 	356.59582 	0.04084 	45.00081 	20.50805
12900.00000 	357.85418 	0.03982 	45.00081 	20.50805
13000.00000 	359.12382 	0.03883 	45.00081 	20.50805
13100.00000 	360.37689 	0.03784 	45.00081 	20.50805
13200.00000 	361.70399 	0.03691 	45.00081 	20.50805
13300.00000 	363.07885 	0.03601 	45.00081 	20.50805
13400.00000 	364.40320 	0.03510 	45.00081 	20.50805
13500.00000 	365.84231 	0.03430 	45.00081 	20.50805
13600.00000 	367.29905 	0.03347 	45.00081 	20.50805
13700.00000 	368.80890 	0.03267 	45.00081 	20.50805
13800.00000 	370.24313 	0.03251 	45.00081 	20.50805
13900.00000 	371.77557 	0.03262 	45.00081 	20.50805
14000.00000 	373.24705 	0.03267 	45.00081 	20.50805
14100.00000 	374.84007 	0.03275 	43.75045 	20.50352
14200.00000 	376.44822 	0.03283 	42.50036 	20.50888
14300.00000 	378.01151 	0.03290 	41.25337 	20.50528
14400.00000 	379.70443 	0.03305 	40.00268 	20.50566
14500.00000 	381.41595 	0.03316 	38.74871 	20.50773
14600.00000 	383.09936 	0.03325 	37.50001 	20.50514
14700.00000 	384.88583 	0.03338 	36.24981 	20.50916
14800.00000 	386.73091 	0.03352 	34.99770 	20.50840
14900.00000 	388.40377 	0.03375 	33.75307 	20.50606
15000.00000 	389.83989 	0.03429 	32.50047 	20.50627
15100.00000 	391.30526 	0.03480 	31.24925 	20.51131
15200.00000 	392.70679 	0.03529 	29.99924 	20.51016
15300.00000 	394.23193 	0.03588 	28.75180 	20.50846
15400.00000 	395.78944 	0.03644 	27.49986 	20.50523
15500.00000 	397.28088 	0.03703 	26.24886 	20.50785
15600.00000 	398.90472 	0.03762 	24.99899 	20.50519
15700.00000 	400.56456 	0.03824 	23.74787 	20.50585
15800.00000 	402.15601 	0.03889 	22.50005 	20.50939
15900.00000 	403.90874 	0.03954 	21.24862 	20.50523
16000.00000 	405.68287 	0.04027 	19.99844 	20.50748
16100.00000 	407.61163 	0.04107 	19.99844 	20.50748
16200.00000 	409.56605 	0.04188 	19.99844 	20.50748
16300.00000 	411.53476 	0.04272 	19.99844 	20.50748
16400.00000 	413.51742 	0.04357 	19.99844 	20.50748
16500.00000 	415.52602 	0.04445 	19.99844 	20.50748
16600.00000 	417.53563 	0.04534 	19.99844 	20.50748
16700.00000 	419.57085 	0.04625 	19.99844 	20.50748
16800.00000 	421.63208 	0.04719 	19.99844 	20.50748
16900.00000 	423.70612 	0.04815 	19.99844 	20.50748
17000.00000 	425.79238 	0.04913 	19.99844 	20.50748
17100.00000 	427.90449 	0.05014 	19.99844 	20.50748
17200.00000 	430.02817 	0.05117 	19.99844 	20.50748
17300.00000 	432.17767 	0.05222 	19.99844 	20.50748
17400.00000 	434.35330 	0.05331 	19.99844 	20.50748
17500.00000 	436.53963 	0.05441 	19.99844 	20.50748
17600.00000 	438.73577 	0.05554 	19.99844 	20.50748
17700.00000 	440.95730 	0.05670 	19.99844 	20.50748
17800.00000 	443.20440 	0.05789 	19.99844 	20.50748
17900.00000 	445.47726 	0.05911 	19.99844 	20.50748
18000.00000 	447.75827 	0.06035 	19.99844 	20.50748
18100.00000 	450.06446 	0.06163 	19.99844 	20.50748
18200.00000 	452.39592 	0.06294 	19.99844 	20.50748
18300.00000 	454.75272 	0.06429 	19.99844 	20.50748
18400.00000 	457.13490 	0.06567 	19.99844 	20.50748
18500.00000 	459.52234 	0.06708 	19.99844 	20.50748
18600.00000 	461.93412 	0.06852 	19.99844 	20.50748
18700.00000 	464.37015 	0.07000 	19.99844 	20.50748
18800.00000 	466.85203 	0.07153 	19.99844 	20.50748
18900.00000 	469.33669 	0.07309 	19.99844 	20.50748
19000.00000 	471.84510 	0.07469 	19.99844 	20.50748
19100.00000 	474.37700 	0.07633 	19.99844 	20.50748
19200.00000 	476.93207 	0.07801 	19.99844 	20.50748
19300.00000 	479.50994 	0.07973 	19.99844 	20.50748
19400.00000 	482.13557 	0.08151 	19.99844 	20.50748
19500.00000 	484.75840 	0.08332 	19.99844 	20.50748
19600.00000 	487.42932 	0.08519 	19.99844 	20.50748
19700.00000 	490.12241 	0.08711 	19.99844 	20.50748
19800.00000 	492.83702 	0.08908 	19.99844 	20.50748
19900.00000 	495.57243 	0.09109 	19.99844 	20.50748
20000.00000 	498.32784 	0.09315 	19.99844 	20.50748
